2.28238
0.342571
0.3049
0.178142
0.742861
2.27401
0.992792
0.765633
0.497135
0.663399
0.776241
0.26895
0.26708
2.11344
2.47949
0.879531
1.49096
0.381001
0.740174
1.94215
2.1227
2.81351
0.11934
0.734213
0.504278
0.992132
0.106163
0.246091
2.21421
1.18147
2.01845
0.198874
2.49292
2.10754
2.04702
1.25211
2.44837
0.349026
2.48705
2.14069
1.60163
2.72275
0.173027
0.352707
0.685812
2.02498
0.460155
1.68305
2.09373
2.2036
1.25205
1.50356
1.39559
0.111248
2.22994
0.585207
0.14199
0.121838
0.154619
1.99573
1.93075
1.95991
0.16053
2.50365
0.907362
0.0630815
1.72178
1.01977
0.573121
1.48564
0.443804
1.95473
1.54337
0.224699
1.76121
0.960582
1.34054
2.25706
0.462899
1.66064
0.299222
1.63055
1.03465
0.308104
0.228993
0.790621
0.440427
0.140622
0.0581026
0.965562
1.08225
0.00782001
2.14226
1.25729
0.282015
1.94421
2.54727
0.60821
0.122445
0.178205
1.25167
0.388555
1.75979
0.0592301
2.3728
0.151553
0.459087
2.41267
1.23677
2.59255
1.14793
0.30028
0.50953
0.0858283
2.62775
0.300193
1.00206
0.627203
2.49875
2.26071
2.33926
0.948004
1.33275
0.733242
1.76136
2.73118
0.504772
2.14308
1.0674
2.41734
0.505832
0.795858
2.44353
2.86058
2.16209
0.763042
1.876
1.53056
2.34292
0.906648
1.5905
0.36979
0.291798
1.69302
0.368206
1.84098
0.600195
0.592625
1.54409
0.276295
2.24752
1.48558
0.404539
1.86207
1.22831
0.729662
0.84054
0.291594
2.1131
1.16441
1.25446
0.208893
1.32499
1.55065
1.22926
0.878023
0.574988
1.60799
0.706159
0.0328902
0.524791
0.545521
2.09549
1.13518
0.683
2.94004
0.176013
0.0934642
1.20968
0.744352
0.584951
0.247065
2.25667
1.32611
3.06469
2.21151
1.25339
1.55109
0.0495009
0.829201
0.530473
0.209654
1.37202
1.51336
0.162643
2.43236
0.398917
0.573303
0.748355
0.00542479
0.30191
1.10238
0.258931
0.245018
2.02925
1.91845
0.967875
0.235043
0.221101
1.78098
1.75014
0.754154
1.93145
1.50719
1.14214
1.44744
1.68402
0.416214
0.209171
0.706413
0.749449
1.86267
3.19509
2.02259
1.85838
1.64276
0.652339
0.539757
0.915654
0.614363
0.837414
1.97466
0.729468
2.21895
0.28171
1.48885
1.71648
0.306442
0.35258
2.20613
0.853712
2.08324
2.84557
2.37468
1.67037
0.510857
2.0498
0.869954
3.24419
1.37105
0.368703
1.20422
2.00352
0.569973
2.06968
1.41137
1.27086
2.62386
1.94086
0.615171
2.20963
0.0559535
0.611427
0.0335515
1.33173
1.11837
1.51185
1.94456
2.33939
0.933248
0.31527
1.90872
0.0831176
1.58002
1.17964
0.028398
1.7717
1.33892
0.599672
2.11983
0.0729225
0.208983
1.02686
0.84288
1.51681
0.123754
0.320906
1.01416
2.12125
2.11358
0.110321
2.72049
0.536726
0.947454
1.68149
0.723457
1.08636
0.652289
1.04862
0.540081
1.47738
0.442757
0.962917
0.0897814
1.08903
0.84451
0.760749
0.98291
0.857477
1.66322
2.55141
2.50681
0.58487
0.163928
0.269075
1.91915
2.45383
1.67976
0.0509031
0.256102
1.6694
0.534803
0.927073
0.417875
2.30777
0.898501
2.23783
2.70466
0.428655
0.695509
1.36923
2.54218
1.15752
2.30877
0.0767206
0.314409
1.61963
0.829367
1.73007
0.698182
1.55649
0.018519
0.54903
2.24033
0.145937
2.02506
0.0364954
1.23158
0.915287
0.197388
0.528106
2.80661
0.519394
0.205697
2.26877
0.669327
1.77784
0.231775
1.44162
0.0414482
1.39095
0.0281304
1.10939
0.261512
2.25981
0.828359
0.175841
2.46071
0.543503
0.142795
1.06372
1.82948
1.29819
2.04423
1.22686
0.368475
2.00474
1.3709
1.69323
0.00690958
0.416212
1.41202
1.75917
0.763929
0.375586
0.110156
1.76852
2.06418
1.21459
2.05383
0.930028
0.202478
0.646337
2.17008
0.134776
1.0483
0.861311
2.4802
0.159016
2.55369
0.204151
1.79465
0.288589
2.49041
1.36238
0.151587
1.61734
0.199341
0.268697
0.222091
0.996219
2.54224
0.294345
1.54179
0.612065
1.98733
2.17389
0.989277
0.247166
1.32282
2.144
1.38577
0.277773
0.559263
0.124262
1.34167
0.499177
0.676009
0.977979
0.99525
0.799079
1.78796
0.461108
0.46606
0.728691
1.86699
1.17427
1.51192
0.86131
0.290738
0.453334
1.39787
1.94244
1.57269
2.29143
0.238859
0.212953
0.765293
1.2227
1.794
0.290102
0.963296
1.95234
1.92323
2.15487
0.172952
2.05772
1.84006
0.254707
0.786019
2.65533
1.25459
1.07041
0.267655
1.12234
0.0518015
0.77132
0.941354
1.17602
0.366412
1.20504
0.0343409
1.20225
0.541757
1.38727
1.89263
0.701574
0.723545
0.803507
1.79957
2.06611
0.217254
0.785705
2.22476
0.290652
1.02139
0.1712
1.00818
0.10627
0.785253
1.01699
0.128934
1.82628
0.754634
0.549667
0.820789
1.86045
1.67292
1.94219
0.393993
0.33709
1.59649
0.581456
0.298774
0.389714
0.954198
0.404267
2.15414
0.244835
2.29728
1.64766
2.34059
0.980064
1.02564
1.34908
2.97011
1.66154
0.294703
0.15965
0.365251
1.69836
1.71767
1.30415
0.385642
1.84183
0.778119
0.577934
1.45394
1.04638
0.56579
0.139391
0.143661
0.318253
0.139227
2.20826
0.116295
0.210475
0.0805337
1.25386
1.95249
1.80852
0.127734
1.58754
0.2776
1.03322
0.690434
1.37966
0.101527
1.19093
0.268401
1.58979
1.5915
1.37659
0.399799
0.703039
0.992734
2.03375
1.04183
1.04092
0.167997
1.93437
1.60471
0.213491
2.21602
1.02123
1.10037
0.10627
1.54125
1.72659
0.0727274
1.07094
1.6269
0.0280136
0.344375
1.27748
1.95002
1.77442
0.212203
2.17541
1.03146
0.0321774
2.00378
1.18252
2.00252
2.00643
0.883011
0.253186
1.01631
0.0332626
2.00985
0.779107
1.47475
1.0225
0.0296989
1.98002
0.733364
0.197276
0.533247
0.221746
0.184605
0.0515686
1.39822
0.722547
0.157867
1.15148
0.625272
0.595968
0.182659
0.446271
0.839453
2.08318
2.51588
1.31228
0.057409
0.107999
0.931414
1.87661
2.08652
1.15974
0.832802
1.96165
2.09264
1.57577
1.29945
0.127343
1.84427
0.636337
1.42568
0.980158
1.90771
1.75111
2.14573
0.223896
1.30919
2.02717
0.0488512
0.398088
2.13812
2.04313
0.290328
0.686327
2.24911
0.0412302
0.706032
2.32767
1.32465
2.35567
2.53021
1.52429
0.890339
0.678354
0.393523
1.367
0.569844
2.01492
1.59668
0.163801
0.211509
0.568578
2.20043
1.13474
0.192714
1.95066
0.245847
2.00184
2.25593
2.15641
0.118577
1.20884
0.391025
0.270543
0.217532
0.367898
1.99641
0.93837
0.160362
0.11685
0.432283
0.802242
1.36278
1.95253
0.681844
0.846952
1.34636
1.9596
0.370799
0.0278775
1.20444
0.471974
1.33341
0.758312
1.50706
0.548821
0.428914
1.97911
1.69281
1.25911
0.696398
1.06878
0.975007
0.578984
1.03994
0.106249
0.411819
1.7339
0.404447
0.0801149
0.905745
1.45
1.33798
1.34184
1.00084
0.364155
1.26605
2.54751
0.718748
0.592232
1.77452
0.766408
1.81149
0.216081
1.10667
1.1238
1.51704
0.598319
1.41314
0.175933
0.760761
0.120825
0.319135
1.19586
0.247432
0.626919
1.083
0.999089
0.95579
2.13126
1.55079
1.5017
1.60002
0.587892
0.812038
0.273184
1.46573
2.01588
1.42739
0.94356
0.843952
0.102476
1.79394
0.840125
0.734467
0.192519
1.42722
0.724514
1.65007
2.04118
0.186451
0.81459
1.71023
0.660156
2.11793
0.40681
2.06787
0.369282
1.05314
1.62811
0.56418
2.20818
1.91196
0.0614537
0.178873
1.64903
0.0534731
1.41781
0.16768
2.07687
1.06676
0.855548
0.903952
0.0469685
0.651702
0.778117
0.483906
1.93334
0.81887
0.732068
0.049201
1.40627
1.65783
0.310031
1.98583
1.16823
0.468489
1.70026
0.177099
1.53807
0.0977939
1.45709
1.49519
2.17786
1.57819
1.98062
1.32621
1.60332
0.9682
0.359698
0.464969
0.482336
0.453352
1.63097
1.27208
0.995716
0.137544
0.730213
1.17486
0.125541
0.839325
1.55718
0.585492
1.73452
1.37174
2.04402
2.22512
1.76068
1.1169
1.68331
0.0877614
0.839398
0.547073
0.120718
0.672027
1.44263
1.14332
0.156422
0.17574
0.731774
0.915248
0.111797
1.40336
0.153723
2.38816
0.973553
1.16687
0.152796
2.14347
0.176784
1.34895
1.62867
0.49579
0.482578
0.92868
0.308559
0.229427
0.452776
0.781528
0.149516
1.9891
1.36295
1.39493
0.926635
1.95628
1.74765
1.7782
0.437018
0.214107
1.18245
1.96462
1.40432
1.63394
2.09457
0.0752851
1.39401
0.466353
1.84467
0.782389
0.367195
2.28219
0.678905
2.25403
0.65068
0.258911
0.508541
1.75479
0.770185
0.6439
0.0845338
0.182435
1.45765
0.190361
1.46202
1.20118
1.11959
1.16743
2.24003
1.15411
0.200272
1.28562
0.657354
1.55823
0.0877596
0.906676
0.0987997
0.229363
1.21309
1.46492
0.0829254
1.01
0.543908
1.79377
0.832553
1.3133
2.14249
2.26629
0.117103
0.219135
0.574216
0.135164
0.860175
0.744719
1.10508
1.42916
1.04203
0.756012
1.44611
1.70296
0.947689
1.67807
0.788603
0.0572376
1.39276
1.5991
1.47002
2.12464
0.145719
2.35593
0.336982
0.54471
0.881453
0.271625
2.26719
0.144081
0.193193
2.08292
2.13317
0.853377
1.53425
1.80503
0.476195
2.18962
1.49966
1.94637
0.552654
0.445944
0.650974
0.0576925
1.98113
1.42431
0.0508945
0.632653
1.81799
2.15575
2.19637
2.18181
0.91947
0.507101
0.360168
