1.06408,-0.336321,3.709,-1.21773,-0.285723,3.151,
0.391166,-0.694418,4.365,0.0521384,-0.645277,4.015,
1.16607,-0.220146,2.896,1.4709,-0.226727,2.92,
-0.657764,-0.260701,3.841,-0.835673,-0.269807,3.882,
-0.668258,-0.555024,4.224,-1.39618,-0.406795,3.058,
-0.126839,-0.556993,4.087,-1.11243,-0.437598,3.173,
-0.648705,0.0878948,3.52,-1.41421,0.0736618,2.95,
0.80158,-0.45323,4.512,1.27214,-0.292864,2.869,
-0.498159,-1.22254,4.558,-1.14716,-1.08509,3.997,
-0.420531,-0.48779,3.906,-1.1939,-0.421029,3.328,
1.30001,-0.42323,2.998,1.12602,-0.628318,4.4,
0.838177,-0.712152,4.718,1.0796,-0.597932,3.919,
1.16602,-1.64744,4.801,-0.947402,-1.65526,4.801,
1.17241,-0.140933,3.127,-1.30707,-0.134803,2.991,
1.01189,-1.24793,4.739,0.132655,-1.27076,4.796,
0.852923,-1.25644,4.801,-0.63733,-1.21054,4.597,
1.11555,-0.705341,4.098,1.44201,-0.508906,2.929,
0.401292,-0.143471,4.478,1.13997,-0.0964919,2.866,
-1.32908,-0.342903,3.111,0.605499,-0.51418,4.531,
1.46138,-0.16014,2.92,-0.660742,-0.209608,3.822,
1.37918,-0.363789,2.839,-1.43422,-0.388649,3.033,
1.00715,-0.921979,4.577,1.05943,-0.814702,4.012,
-0.213358,-0.175078,4.357,0.520812,-0.183053,4.378,
0.830183,-0.324783,4.673,1.31891,-0.200518,2.819,
0.0557874,-0.263594,4.296,1.04782,-0.277331,4.403,
-0.4524,-1.05177,4.202,-0.518387,-1.13493,4.476,
0.913254,-0.824275,4.789,1.14414,-0.739121,4.254,
1.03338,-0.179942,3.602,-1.1807,-0.155913,3.121,
-0.787466,-0.0740184,3.894,0.393903,-0.0890906,4.317,
-0.965678,-0.374806,3.504,1.0487,-0.502947,4.563,
-0.779953,-0.284611,3.826,-0.97349,-0.238847,3.142,
-1.34566,-0.236396,3.249,1.14725,-0.24318,3.199,
-0.949584,-0.646569,4.378,1.15423,-0.521359,3.454,
-1.00846,-0.879393,3.681,1.03302,-1.03,4.225,
-0.75546,-0.10937,4.028,0.496547,-0.125285,4.353,
-1.34019,-0.483729,3.137,1.09929,-0.692191,4.351,
1.17516,-0.213229,2.805,1.5238,-0.229678,2.958,
1.06687,-0.418087,3.85,-1.41863,-0.330343,3.042,
-1.6479,-0.656433,3.743,0.485042,-0.838401,4.651,
-0.616819,-0.877539,4.502,0.984031,-0.927481,4.68,
1.06398,-0.418422,4.533,-1.65605,-0.296671,3.214,
-0.507448,-0.36751,4.204,-0.6801,-0.3789,4.255,
-0.204984,-0.475029,4.186,-0.55763,-0.468495,4.07,
-0.731541,-0.516679,4.192,-1.40385,-0.381266,3.053,
-1.10034,-0.751899,3.923,0.915543,-0.943641,4.801,
-0.874635,0.135989,2.947,-0.415428,0.165522,3.587,
1.34362,-0.305475,2.813,-0.331435,-0.469343,4.322,
-0.818613,-0.600059,4.403,1.26926,-0.443464,3.178,
-1.86542,-0.77812,4.13,0.334674,-0.902486,4.669,
-0.954319,-0.65713,3.064,0.243066,-1.02307,4.664,
0.845095,-0.967101,4.801,-0.657729,-0.920093,4.531,
-1.51557,0.065311,3.008,-0.12015,0.0868817,4.326,
-0.886213,0.197291,3.334,-0.775379,0.206878,3.496,
1.02408,-0.154401,4.586,-1.20527,-0.103259,3.067,
0.960437,-0.389059,4.714,1.52862,-0.24895,2.958,
1.30698,-0.376864,2.833,1.24038,-0.502264,3.73,
-0.775301,0.175803,3.445,-0.653515,0.179375,3.515,
-0.321095,-0.311671,4.1,-0.167914,-0.332714,4.285,
1.07376,-0.0857656,4.512,-0.921748,-0.0565498,2.975,
1.02623,0.137159,4.142,-0.904303,0.108019,3.262,
-0.224509,-0.98773,4.437,1.73013,-0.844076,3.737,
-1.28375,-0.18086,3.028,-1.4441,-0.188456,2.992,
1.06495,-0.408625,4.135,-1.43631,-0.299131,3.027,
1.14155,-1.22297,4.732,0.23455,-1.24862,4.801,
-0.721662,-0.223984,3.75,-0.78393,-0.234081,3.815,
-0.385833,-0.649058,4.3,1.32736,-0.477407,3.096,
-1.23541,-0.633393,3.17,-0.256244,-0.918262,4.486,
1.38096,0.175125,2.805,0.809997,0.224822,3.601,
0.0857548,-0.0334382,4.396,-1.39984,-0.0222871,2.93,
-1.34324,0.140788,3.051,-0.899672,0.155231,3.364,
1.04069,0.0379655,4.373,-0.914002,0.0256113,2.95,
-0.574453,-1.01209,4.295,0.96842,-1.0514,4.401,
0.467209,-0.544879,4.48,0.690078,-0.573499,4.653,
-0.392478,-0.718428,4.296,1.35953,-0.538577,3.159,
0.118927,-0.198481,4.569,1.07804,-0.145395,3.226,
0.943681,0.114112,3.446,-0.396844,0.120238,3.631,
1.08322,-0.229272,3.461,-1.17376,-0.210061,3.171,
-0.951424,-0.181803,3.315,-1.41411,-0.16772,2.97,
0.182701,-1.1171,4.676,1.83722,-0.974687,4.025,
1.14648,-0.577436,4.237,1.38279,-0.39388,2.856,
0.37269,0.0397192,4.575,-1.25781,0.026575,3.061,
-1.02364,-0.603022,3.018,-0.0366293,-0.913349,4.462,
0.0891172,-0.368559,4.216,0.395575,-0.40036,4.496,
1.29668,-0.0854229,2.968,1.07089,-0.123587,4.294,
1.49982,-0.466127,2.93,0.762755,-0.752154,4.68,
1.21299,-1.49104,4.801,0.772696,-1.48013,4.741,
0.963674,-0.795015,4.619,1.10157,-0.767442,4.417,
-0.429483,-0.358518,4.179,-0.486886,-0.36751,4.204,
-1.25692,-0.920723,3.854,-0.306139,-1.089,4.467,
0.130838,-0.0921862,4.467,1.21274,-0.064705,2.906,
0.845095,-0.873261,4.801,0.845095,-0.881081,4.801,
1.50027,-0.902344,3.803,-0.635433,-1.0698,4.478,
1.11007,-1.31763,4.796,-0.147197,-1.31079,4.743,
-0.340746,-0.385561,4.177,-0.622633,-0.394055,4.195,
-0.575835,-0.57287,4.058,1.36145,-0.408877,2.831,
1.15009,-0.236122,3.041,-1.39718,-0.232628,2.996,
-0.773421,0.122052,3.513,-1.38127,0.101137,2.911,
-0.548238,-0.318272,4.099,-0.670602,-0.322729,4.071,
1.0665,0.249463,3.043,0.889421,0.269466,3.287,
-0.956285,-0.731807,4.376,0.294071,-0.789196,4.629,
1.27383,-0.692517,3.229,1.01604,-0.983241,4.55,
0.979602,0.0482488,3.556,-0.780189,0.0499313,3.68,
-0.0897696,-0.444941,4.224,-0.148984,-0.443585,4.147,
-0.937714,0.0756679,3.485,1.43503,0.0599295,2.984,
1.0263,0.185011,2.888,0.881397,0.229406,3.581,
1.38528,-0.528286,3.159,1.00133,-0.779968,4.619,
1.08635,-0.163663,4.245,-1.32586,-0.116974,3.034,
0.86075,-1.42848,4.801,-0.375995,-1.4363,4.801,
1.21692,-0.276733,2.998,-1.37563,-0.278117,3.013,
0.931198,-1.26426,4.801,-0.216702,-1.25618,4.741,
1.11274,0.203743,2.955,0.81607,0.250145,3.628,
1.17779,0.235989,2.937,0.671771,0.295689,3.68,
0.60002,-0.728931,4.49,0.68207,-0.754118,4.599,
1.69412,-1.10472,4.385,-0.93362,-1.09969,4.337,
1.0353,-0.00328448,3.01,0.735117,-0.00497146,4.556,
-0.845272,-0.174329,3.868,0.156036,-0.213178,4.565,
-1.84219,-1.08695,4.519,-1.22264,-0.989271,4.031,
1.4073,-0.194661,2.868,-1.09135,-0.216312,3.187,
1.07064,-0.135574,3.841,-1.18997,-0.113973,3.229,
1.11304,-0.1722,3.236,-1.22619,-0.160706,3.02,
0.931198,-0.974921,4.801,-0.0148049,-0.913349,4.462,
1.11248,-0.0737872,3.088,0.379826,-0.103154,4.317,
1.04132,-0.240882,3.549,-0.943397,-0.218145,3.214,
-0.708442,-0.865567,4.478,1.04902,-0.748466,3.808,
1.09656,-0.75432,3.656,-1.63384,-0.689122,3.34,
0.823444,-0.0508226,4.678,-1.31958,-0.0351673,3.237,
0.429969,-1.24784,4.798,-0.63733,-1.233,4.597,
1.17142,-0.140227,2.807,-1.24589,-0.150867,3.02,
0.899883,0.214308,2.968,0.397753,0.275394,3.814,
-0.204866,0.166587,3.487,-1.00026,0.139547,2.921,
1.33187,-0.164249,2.827,-1.11159,-0.18168,3.127,
1.26649,-0.343052,3.023,-1.59404,-0.360187,3.174,
1.4177,-0.132415,2.938,-0.743985,-0.174239,3.866,
-1.20153,0.142865,3.096,-0.438821,0.165522,3.587,
-0.828227,-0.0535218,3.79,1.04776,-0.0578522,3.673,
1.56095,-0.707132,3.348,0.0511225,-0.958202,4.502,
-1.23738,-0.185758,3.11,1.1054,-0.211447,3.357,
0.968993,0.101992,3.08,0.0627122,0.127821,3.86,
0.00700848,-1.1151,4.455,1.59743,-1.09944,4.336,
-0.914206,-0.319716,4.033,-1.27916,-0.260106,3.215,
-1.05931,-0.703136,4.164,1.42577,-0.554601,3.192,
-0.740442,0.164968,3.575,-1.03083,0.136312,2.954,
1.35146,-0.914733,3.803,-0.33377,-1.07688,4.447,
-1.52178,-0.166722,3.04,-1.15364,-0.173706,3.076,
1.33728,0.0599094,2.983,-0.503649,0.0738274,3.676,
1.11592,0.0632484,2.913,-0.805208,0.084122,3.604,
1.35396,0.217787,2.825,0.756737,0.277457,3.599,
1.04801,-0.331243,3.653,0.461188,-0.41394,4.565,
-0.346807,0.129518,4.338,0.921819,0.0913078,2.9,
-0.57671,-0.239992,4.018,-0.303124,-0.27859,4.423,
-1.24474,-1.09263,4.337,0.995595,-1.27217,4.772,
-0.396041,-0.28717,4.335,1.08748,-0.208854,3.005,
-1.07881,-0.706084,3.243,-0.860991,-1.04698,4.474,
-0.496699,0.105722,3.541,1.36528,0.0870257,2.764,
-0.252482,-0.0420208,4.55,0.97575,-0.0282047,3.054,
-0.794491,0.00204626,3.806,-1.52414,0.00640843,2.958,
0.962618,-0.275411,3.623,0.124799,-0.342991,4.512,
0.939578,-0.583272,3.743,-1.17242,-0.65137,4.18,
-0.492585,-0.783079,4.507,-1.32742,-0.776391,4.307,
0.966432,-0.310835,4.089,-0.2876,-0.343523,4.519,
0.398097,-0.598311,4.791,1.34374,-0.374553,2.923,
1.27873,-0.119983,2.762,-0.044465,-0.188948,4.519,
1.15354,-0.529072,3.705,-0.594535,-0.642598,4.5,
-1.29321,-1.05027,4.196,0.241873,-1.26943,4.791,
0.85071,-1.62823,4.745,2.07442,-1.5115,4.343,
1.01745,-0.462344,3.853,0.145325,-0.563981,4.7,
1.69099,-0.901133,3.772,-0.918718,-1.05039,4.367,
-0.142325,-0.624999,4.586,0.430238,-0.67776,4.801,
-0.671926,0.091041,3.646,0.936004,0.0771369,2.9,
-0.524171,-1.28638,4.796,0.179758,-1.34246,4.801,
-0.478346,-0.554852,4.443,-0.47242,-0.587204,4.525,
0.818102,-0.695095,4.605,0.272778,-0.709767,4.652,
1.15631,-1.63372,4.761,1.76087,-1.61285,4.656,
1.0183,-1.25584,4.769,-1.07719,-1.2591,4.752,
0.852923,-1.25644,4.801,1.9881,-1.25247,4.727,
0.0575145,-0.271754,4.429,0.740487,-0.277835,4.411,
-0.511184,-1.18844,4.748,2.4283,-1.24545,4.759,
0.993218,-0.172948,3.462,0.900565,-0.185237,3.708,
-0.767446,-0.0721366,3.795,-0.217189,-0.0946833,4.588,
1.23552,-0.145882,2.828,0.0286952,-0.228986,4.439,
1.01618,-0.153218,3.281,0.273361,-0.200943,4.303,
-0.647372,-0.921007,4.725,-1.23218,-0.907909,4.471,
-1.79531,-1.13102,4.404,-1.62463,-1.30966,4.767,
1.31754,0.155592,2.866,-0.938901,0.188276,3.367,
2.31628,-1.13262,4.525,-0.313375,-1.2017,4.801,
-1.03174,-0.243342,3.766,0.293244,-0.297886,4.286,
1.58682,-0.350619,3.181,-1.47781,-0.331881,3.011,
1.17702,-0.269903,2.777,-1.03445,-0.282829,2.91,
0.186222,-0.148105,4.399,-1.06614,-0.097401,2.893,
0.952255,-0.374484,4.057,-0.598649,-0.398576,4.318,
-0.52145,-0.377651,4.32,-0.474661,-0.39381,4.343,
0.172738,-0.24966,4.421,0.998204,-0.171047,2.944,
1.51439,-0.115162,2.987,0.984107,-0.129311,3.354,
-0.133542,-0.264023,4.303,-0.342867,-0.275756,4.378,
-0.110113,-0.714622,4.492,1.25207,-0.55063,3.325,
-0.748055,-0.669441,4.208,-0.807711,-0.700998,4.233,
-0.218793,-0.507031,4.468,-0.380581,-0.523688,4.486,
-0.763651,-0.539357,4.376,-1.03979,-0.37481,2.925,
-1.23744,-0.852082,3.973,1.19266,-0.747207,3.484,
-0.904288,0.201315,3.402,-0.506303,0.228573,3.568,
1.30975,-0.377662,2.839,0.791493,-0.622781,4.625,
-0.766299,0.173762,3.405,-0.019175,0.216682,3.875,
0.964056,-0.0770027,4.051,0.963772,-0.0715854,3.766,
0.8746,0.116893,3.53,1.17575,0.0955346,2.885,
-0.760535,-0.236049,3.952,-1.01946,-0.237208,3.766,
-0.383769,-0.645586,4.277,-0.624223,-0.692662,4.399,
-1.14734,-0.588236,2.944,0.848747,-0.953636,4.413,
1.31499,0.166759,2.671,-0.602313,0.233268,3.551,
0.0894222,-0.0348683,4.584,1.05721,-0.0217318,2.857,
0.903609,0.0329648,3.797,1.13852,0.0250557,2.886,
-0.595853,-1.04979,4.455,-0.812465,-1.09412,4.488,
0.500685,-0.58392,4.801,-1.26756,-0.371363,3.013,
0.707587,0.388091,2.894,-1.03924,0.495876,3.408,
-0.393666,-0.720602,4.309,-1.1453,-0.78221,4.502,
-1.00472,0.0739092,3.404,0.926732,0.0749722,3.212,
0.095691,-0.395747,4.527,-1.03836,-0.260109,2.921,
1.26173,-0.0831204,2.888,-1.01487,-0.0974493,3.818,
-0.367258,-0.41556,4.502,1.07558,-0.30026,3.142,
-0.624365,-0.621151,4.4,1.05714,-0.529159,3.583,
1.32827,-0.722114,3.367,0.948039,-0.8914,4.125,
0.901642,0.044409,3.273,1.11074,0.0390088,2.875,
-0.0955928,-0.473803,4.498,0.610256,-0.50203,4.623,
0.626881,-0.761563,4.691,-1.21728,-0.49963,3.047,
1.7034,-1.11076,4.409,-1.4911,-1.17259,4.595,
1.00676,-0.00319391,2.927,-1.01581,0.00775597,3.58,
-0.815333,-0.168155,3.731,1.04287,-0.142675,2.856,
-1.2992,-0.766567,3.187,0.282352,-1.21082,4.685,
1.09981,-0.598014,3.647,0.467654,-0.759037,4.629,
0.965399,-0.768218,4.113,1.87887,-0.705018,3.742,
1.133,-0.495587,3.819,0.531995,-0.62302,4.801,
0.429416,0.172584,4.183,-0.407867,0.157696,3.677,
1.01917,-0.0675985,2.829,-0.955462,-0.0780085,3.78,
1.19396,-0.142924,2.861,-1.02443,-0.192531,3.854,
0.841367,0.200372,2.775,1.12272,0.214565,2.906,
-0.251925,0.204854,4.288,1.23562,0.142378,2.882,
1.34648,-0.166051,2.858,-0.367855,-0.251923,4.336,
-0.242674,-1.21607,4.796,0.0619817,-1.24911,4.773,
1.15681,0.0577002,2.873,1.50922,0.0686,2.939,
1.18564,-0.32115,2.83,-1.02046,-0.333406,2.938,
1.34435,-0.125564,2.786,0.494253,-0.20403,4.527,
-0.835001,-0.0539595,3.821,1.24822,-0.0463857,2.945,
1.63042,-0.738603,3.497,-1.20848,-0.9333,4.385,
0.912363,0.0960314,2.9,-1.4623,0.103551,2.847,
0.007224,-1.14939,4.592,-1.66288,-1.11921,4.358,
-0.954102,-0.333669,4.209,-0.443814,-0.357771,4.251,
-1.1453,-0.760211,4.502,0.902686,-0.846523,4.654,
-0.735471,0.163861,3.551,0.133111,0.212678,4.305,
1.38345,-0.936381,3.893,-1.8603,-0.882667,3.645,
1.24045,0.0555714,2.767,-0.121358,-0.103359,4.642,
1.09447,0.0620324,2.857,1.4629,0.0762592,2.867,
1.2883,0.207225,2.688,0.0863904,0.281793,4.087,
1.02564,-0.32417,3.575,-0.976693,-0.254983,2.812,
1.03805,-0.333869,4.392,-1.03045,-0.263932,3.472,
0.396601,-0.596063,4.773,-1.00486,-0.429141,3.349,
-0.469841,-0.658718,4.364,0.799075,-0.72894,4.582,
1.19479,-0.227203,2.599,-1.42899,-0.247134,2.827,
0.932117,-0.869413,4.575,-0.983574,-0.557844,2.886,
1.24494,-0.116812,2.689,0.63431,-0.191457,4.579,
1.1688,-0.536069,3.754,-1.03703,-0.406421,2.814,
0.406042,-0.720827,4.531,1.01745,-0.725914,4.427,
1.11896,-0.211252,2.779,1.15231,-0.207542,2.618,
-0.644749,-0.255543,3.765,1.12128,-0.208529,2.866,
-0.692622,-0.575259,4.378,0.637773,-0.634951,4.604,
-1.17086,-0.950899,3.799,-0.080458,-1.19948,4.472,
-0.486313,-0.564094,4.517,1.02553,-0.562382,4.28,
1.22716,-0.399513,2.83,-0.706741,-0.602778,4.127,
0.812062,-0.689963,4.571,0.350812,-0.691747,4.486,
1.09214,-0.690539,4.012,-1.24138,-0.524891,3.021,
0.409806,-0.146514,4.573,-0.52309,-0.120883,3.773,
1.38501,-0.365327,2.851,1.09432,-0.487354,3.709,
0.976341,-0.893778,4.437,-0.932265,-0.914168,4.466,
-0.216883,-0.177971,4.429,-0.492238,-0.159722,3.82,
-0.464458,-1.0798,4.314,-2.04416,-1.11153,4.221,
0.879882,-0.794155,4.614,-0.299726,-0.785685,4.48,
0.985472,-0.171599,3.435,0.990057,-0.199625,3.996,
-0.73327,-0.0689242,3.626,1.03831,-0.0900399,4.363,
-0.972844,-0.377587,3.53,0.354619,-0.552405,4.732,
-0.744074,-0.271518,3.65,-1.34162,-0.221059,2.847,
-0.92746,-0.631505,4.276,1.18685,-0.47871,3.072,
1.10897,-0.201218,2.647,1.06192,-0.256931,3.241,
0.994544,-0.389744,3.589,1.18719,-0.308734,2.801,
0.445893,-1.65526,4.801,1.4713,-1.71,4.801,
-1.13808,-0.608459,3.988,-0.30703,-0.749199,4.48,
1.05397,-0.158915,3.403,-0.462485,-0.191884,4.109,
0.785124,0.0904164,4.502,0.907427,0.0715208,3.294,
0.951932,0.0781006,4.232,0.631264,0.0904566,4.504,
1.05716,-0.7522,4.412,0.0431795,-0.771438,4.44,
-0.603803,-0.859022,4.407,1.5125,-0.714293,3.462,
1.28168,0.151358,2.788,1.17155,0.157851,2.743,
2.16835,-1.06028,4.236,-1.77834,-0.997533,3.909,
1.41372,-0.312372,2.834,-1.30677,-0.312525,2.754,
1.1537,-0.264557,2.722,0.658735,-0.472114,4.7,
0.192488,-0.153088,4.547,-0.754414,-0.120733,3.586,
-0.708807,0.098148,3.477,0.972641,0.0861756,2.737,
-1.17701,-1.23198,4.511,-1.64527,-0.680507,3.173,
-0.209284,-0.72493,4.421,-1.27148,-0.497078,2.888,
0.963871,0.02623,3.719,0.311718,0.0395543,4.556,
1.8387,-0.767488,3.662,0.814467,-0.992344,4.627,
-0.289156,-0.258149,4.322,0.2506,-0.27689,4.396,
-0.21801,-0.592234,4.452,1.24374,-0.377914,2.677,
-0.941206,-0.502791,4.307,-1.35336,-0.341036,2.804,
0.100613,-0.544657,4.419,-0.86229,-0.539444,4.264,
1.05577,-0.415191,4.498,1.09124,-0.332716,3.542,
1.00165,-1.81948,4.801,2.08967,-1.8664,4.801,
-0.521692,-0.377826,4.322,-1.35722,-0.254983,2.812,
0.175825,-0.254122,4.5,0.935575,-0.215145,3.703,
1.39018,-0.105716,2.742,0.409806,-0.176309,4.573,
-0.134473,-0.265864,4.333,-0.990787,-0.22121,3.512,
-0.751959,-0.531099,4.309,0.909687,-0.603555,4.651,
1.19235,-0.468001,3.035,-1.35893,-0.441946,2.778,
-1.05294,-0.719508,3.754,1.44962,-0.86554,4.098,
0.992223,-1.8166,4.577,1.57587,-1.85442,4.56,
-0.943489,0.146695,3.179,-1.10742,0.146309,2.695,
1.23233,-0.280173,2.58,1.02467,-0.451286,4.219,
-0.798719,-0.585477,4.296,1.12031,-0.563993,3.905,
-1.11815,-0.76994,3.59,1.33168,-0.909984,4.211,
0.834182,-0.954612,4.739,1.11755,-0.884098,4.285,
-0.875581,0.194924,3.294,0.804151,0.185183,2.819,
0.997509,-0.150394,4.467,1.00791,-0.100566,2.987,
1.23455,-0.355979,2.676,-0.41464,-0.614954,4.459,
-0.730741,0.165699,3.247,-1.26554,0.163443,2.762,
0.117547,-0.196179,4.516,1.04224,-0.129801,2.88,
0.864813,0.104575,3.158,1.28263,0.0976281,2.81,
-0.978869,-0.576648,2.886,1.32065,-0.771674,3.492,
0.0986081,-0.407811,4.665,0.994501,-0.339404,3.743,
1.23595,-0.0814224,2.829,-1.00184,-0.0692472,2.898,
1.45478,-0.452127,2.842,-1.24985,-0.46667,2.818,
1.30263,-0.708174,3.302,0.995972,-1.00768,4.56,
0.907427,0.0446939,3.294,0.212319,0.0683263,4.496,
-0.0959328,-0.475488,4.514,-1.45421,-0.302652,2.787,
2.01113,-1.38874,4.519,-0.530615,-1.43565,4.647,
0.95665,0.172455,2.692,-0.197063,0.266288,3.773,
1.36379,-0.520091,3.11,-0.944975,-0.522207,3.034,
0.962492,-0.145003,3.761,1.03741,-0.128463,3.332,
0.836726,-1.38861,4.667,1.15089,-1.37615,4.526,
1.07794,0.215982,2.688,0.252399,0.295578,4.188,
0.614586,-0.746627,4.599,-1.09365,-0.472631,2.854,
1.61299,-1.05181,4.175,2.30069,-1.17236,4.452,
0.992654,-0.00314917,2.886,-0.563669,0.0195269,3.6,
-0.785613,-0.162025,3.595,-0.791475,-0.179592,3.595,
-1.10801,-0.653759,2.718,-1.49767,-1.04054,3.976,
1.17128,-0.636876,3.884,-1.06703,-0.732131,4.421,
0.89206,-1.80384,4.801,1.02567,-1.74514,4.527,
1.2915,-0.178642,2.632,-0.732172,-0.253683,3.65,
1.0043,-0.127174,3.603,0.968948,-0.136245,3.86,
0.961443,-1.33791,4.757,2.19301,-1.34415,4.671,
1.31538,-0.985223,4.181,0.404967,-1.07959,4.519,
1.02946,-0.159269,2.993,1.22649,-0.147362,2.687,
0.901716,-0.944055,4.649,1.41721,-0.829315,3.988,
-1.06363,-0.627319,2.925,1.73415,-0.849728,3.606,
0.0652325,0.0387469,4.463,-0.45416,0.0372832,3.616,
0.0710435,0.138069,3.974,-0.134369,0.148887,3.918,
1.27157,0.00584731,2.699,-0.997184,0.015947,2.94,
1.17928,-0.962579,3.975,0.522944,-1.09382,4.457,
-0.636632,-0.322332,4.066,1.13907,-0.235232,2.795,
1.15542,-0.396021,2.941,1.38713,-0.390578,2.799,
1.04708,-0.833216,4.461,-0.394537,-0.835586,4.397,
1.10036,-0.481313,3.709,1.05946,-0.488011,3.714,
0.452411,0.181826,4.407,-0.937834,0.137644,3.092,
1.04331,-0.0691994,2.896,1.01677,-0.0785234,4.131,
0.984107,-0.227647,3.354,-0.122899,-0.300339,4.425,
-0.686926,-0.839279,4.342,-0.939546,-0.906894,4.466,
1.19314,-0.820756,3.978,-1.05598,-0.601191,2.891,
1.43933,-0.753332,3.409,0.645586,-0.990302,4.353,
0.804258,-0.0496384,4.569,0.979811,-0.0395782,3.643,
0.412494,-1.19713,4.603,-2.04654,-1.10627,4.075,
1.12427,-0.134582,2.694,0.590418,-0.236569,4.586,
0.850463,0.202538,2.805,0.993191,0.206917,2.684,
1.21329,-0.32864,2.896,0.167103,-0.521003,4.463,
1.27052,-0.118668,2.633,-0.558347,-0.165901,3.681,
1.70222,-0.771129,3.651,0.425089,-1.00399,4.577,
0.936273,0.098548,2.976,-1.10793,0.107277,2.707,
-0.667537,0.148725,3.223,0.557202,0.220864,4.328,
1.42858,-0.966928,4.02,1.79589,-0.996186,4.006,
1.05731,0.0599263,2.76,-0.946718,0.113085,3.415,
0.959078,-0.303133,3.343,-0.408486,-0.398658,4.244,
-0.632187,-0.642224,3.996,1.06098,-0.62827,3.616,
-0.359541,-0.0391394,4.238,-0.352632,-0.0391394,4.238,
-0.842649,-0.73967,2.936,-1.12998,-1.04079,3.766,
-0.980672,-0.641855,2.948,0.712198,-1.12027,4.505,
-0.240773,-0.0400722,4.339,0.897365,-0.0423718,4.588,
-0.486683,-0.773697,4.453,-1.21123,-0.53157,2.846,
-0.713916,-0.750781,4.091,-0.379087,-0.920941,4.647,
1.08272,-0.348236,4.581,1.06159,-0.240124,3.029,
0.373252,-0.560971,4.492,-1.38296,-0.352671,2.684,
-1.1845,-0.739765,4.298,0.868035,-0.958682,4.798,
-0.140556,-0.617231,4.529,1.07244,-0.679503,4.601,
1.03279,-0.653017,3.794,-1.01684,-0.784381,4.391,
0.398335,-0.142413,4.445,-0.531653,-0.13383,3.975,
1.29772,-0.142207,2.593,1.09528,-0.145657,2.507,
1.21353,-0.320094,2.498,0.644579,-0.626771,4.599,
0.965559,-0.883907,4.388,-1.20277,-0.796829,3.802,
-0.220654,-0.181065,4.506,-1.38399,-0.116682,2.686,
0.830183,-0.324783,4.673,0.964217,-0.338915,4.658,
0.0587092,-0.277399,4.521,-0.98465,-0.175754,2.72,
-0.473717,-1.10133,4.4,0.368798,-1.28029,4.716,
1.09514,-0.19871,2.614,-1.38491,-0.225397,2.731,
0.939954,-0.368351,3.392,1.09256,-0.323646,2.852,
-1.21941,-0.651942,4.273,1.33271,-0.562256,3.206,
1.0783,-0.737977,3.291,1.28241,-0.742033,3.085,
1.10489,-0.130458,2.529,-0.688435,-0.199572,3.639,
-1.10578,-1.15742,4.238,1.34111,-0.693888,3.14,
-0.208526,-0.722307,4.405,0.353835,-0.825467,4.621,
-0.941206,-0.502791,4.307,-0.988167,-0.358662,2.872,
0.100977,-0.546629,4.435,-1.0032,-0.570204,4.394,
-1.19683,-0.817832,4.267,-1.30362,-0.649509,2.961,
0.983118,-1.79993,4.535,7.71527e+31,2.01577e+34,1.311e+36,
-1.18418,-0.815408,3.802,-0.966268,-0.77251,3.445,
0.845095,-0.967101,4.801,-0.151076,-0.976848,4.625,
1.26731,-0.365424,2.747,-1.25832,-0.65556,4.539,
-0.781602,0.177232,3.473,-0.487973,0.197736,3.252,
0.119031,-0.198655,4.573,0.730853,-0.215887,4.623,
0.919856,0.111231,3.359,-1.06744,0.0996227,2.739,
0.99433,-0.210459,3.177,-1.17941,-0.185501,2.669,
0.181295,-1.1085,4.64,1.13656,-0.85131,3.336,
1.17651,-0.592564,4.348,1.32153,-0.392413,2.748,
0.375541,0.0400231,4.61,-0.947273,0.0352314,3.417,
-0.857782,-0.505316,2.529,1.27315,-0.741651,3.214,
0.094148,-0.389365,4.454,-1.28485,-0.252548,2.736,
1.11756,-0.0736226,2.558,0.842345,-0.111254,4.656,
1.04078,-1.7491,4.801,0.923187,-1.78925,4.681,
0.931336,-0.768337,4.464,-0.409252,-0.822178,4.561,
-0.428764,-0.357918,4.172,-0.927435,-0.380392,4.121,
-0.952315,-0.69759,2.92,-0.318231,-0.931951,3.901,
0.13526,-0.0953024,4.618,-0.84243,-0.071549,3.467,
-0.353635,-0.400145,4.335,-1.34033,-0.269903,2.777,
-0.61202,-0.608869,4.313,0.183243,-0.686881,4.502,
-0.75735,0.119516,3.44,1.03058,0.107991,2.725,
-0.514667,-0.298783,3.848,-0.975767,-0.301551,3.583,
1.24133,-0.809455,3.213,1.51441,-1.18713,4.321,
0.99231,-0.00314808,2.885,0.264168,0.0251354,4.634,
-0.769879,-0.15878,3.523,1.0971,-0.152517,2.781,
-1.09985,-0.648948,2.698,-0.0734941,-1.21948,4.492,
1.09046,-0.592931,3.616,-0.412594,-0.756462,4.437,
1.67803,-0.782075,3.342,0.875538,-1.09491,4.403,
0.807409,0.192285,2.663,0.362504,0.279298,3.476,
-0.22114,0.17982,3.764,-0.582082,0.177307,3.367,
1.04582,0.059275,2.73,-0.349485,0.143895,3.631,
0.980021,-0.309752,3.416,-0.961482,-0.249325,2.609,
0.77582,-1.14286,4.367,-0.787491,-0.971404,3.474,
0.97454,-0.616184,3.58,-1.31275,-0.478556,2.631,
1.00913,-0.923792,4.586,1.22824,-0.828705,3.864,
-0.208901,-0.171421,4.266,-0.421798,-0.166487,3.694,
-0.478131,-1.11159,4.441,-1.22108,-0.928029,3.358,
0.854329,-0.771091,4.48,-0.36811,-0.796294,4.339,
-0.962815,-0.655578,4.439,0.829308,-0.737535,4.543,
-0.992567,-0.865537,3.623,-1.05819,-0.582954,2.638,
1.12824,-0.204715,2.693,0.183935,-0.395048,4.519,
0.977641,-0.38312,3.528,-0.970489,-0.511201,4.441,
-1.17061,-0.625852,4.102,0.743388,-0.814066,4.516,
1.24376,-0.851219,3.796,-0.90857,-0.955816,3.869,
1.03445,-0.155973,3.34,-1.02314,-0.133383,2.67,
0.784252,0.090316,4.497,-1.05553,0.0585633,2.509,
1.26007,-0.278423,2.526,1.06541,-0.442679,3.369,
1.13802,-0.260961,2.685,0.387554,-0.49468,4.488,
1.60773,-0.67108,3.202,-1.0469,-0.610396,2.664,
-0.259384,-0.23157,3.877,0.993107,-0.304072,4.48,
-0.212378,-0.576936,4.337,0.849993,-0.707901,4.741,
-0.979886,-0.523454,4.484,-1.19303,-0.361569,2.858,
0.100385,-0.543425,4.409,1.20826,-0.363827,2.735,
1.07572,-0.423037,4.583,1.11859,-0.452106,4.575,
0.991422,-1.80091,4.752,0.233622,-1.9447,4.782,
0.171019,-0.247176,4.377,1.11042,-0.186589,3.041,
-0.131121,-0.259237,4.225,-1.30465,-0.182768,2.759,
-0.105553,-0.685032,4.306,-0.461772,-0.770856,4.355,
-0.716412,-0.641124,4.03,0.487855,-0.68439,3.939,
1.15916,-0.186774,2.567,1.17519,-0.217144,2.631,
-0.203591,-0.270919,3.898,0.998508,-0.251651,3.241,
0.874772,0.156291,2.795,0.338206,0.231101,3.518,
0.385776,-0.190878,3.587,-1.00124,-0.164332,2.91,
0.844567,-0.966497,4.798,-1.03492,-0.743775,3.468,
-0.840759,0.187172,3.163,-0.141553,0.244762,3.468,
0.999965,-0.150764,4.478,0.276506,-0.161941,4.588,
1.54534,-1.01356,3.646,0.805311,-1.32659,4.533,
0.924783,-0.374616,4.539,-0.872657,-0.286997,3.283,
1.24147,-0.357974,2.691,-0.803553,-0.652378,4.322,
-0.693157,0.157177,3.08,-0.907807,0.190713,2.977,
-0.309035,-0.299965,3.946,0.473946,-0.365345,4.341,
1.06187,-0.0848152,4.462,-1.16262,-0.0500109,2.631,
1.00046,0.133715,4.038,1.28772,0.089394,2.573,
-0.22203,-0.976822,4.388,0.794773,-1.07349,4.433,
1.17234,-0.449833,4.552,1.11744,-0.287674,2.731,
0.91406,-0.979254,3.789,1.91999,-1.04659,3.787,
-0.391307,-0.658265,4.361,-0.496378,-0.642346,3.804,
-0.995346,-0.510311,2.554,-0.426677,-1.05183,4.433,
0.0864766,-0.0337197,4.433,-0.93035,-0.0153626,2.57,
1.06662,0.0389118,4.482,0.937927,0.0467175,4.531,
-0.558135,-0.983338,4.173,1.26689,-0.915555,3.565,
-0.856086,-0.504317,2.524,-0.598957,-0.990135,4.173,
0.0893285,-0.369434,4.226,1.22284,-0.251523,2.632,
1.8162,-1.25414,4.081,1.03653,-0.997629,3.697,
0.921113,0.166049,2.592,-0.938024,0.23585,2.996,
1.00263,-0.00318082,2.915,-0.670148,0.0184204,3.396,
-0.804625,-0.165946,3.682,1.13742,-0.14276,2.528,
1.09178,-0.374207,2.779,0.899396,-0.718039,4.757,
1.02314,-0.814165,4.359,1.25112,-0.565858,2.832,
1.0328,0.0585367,2.696,-0.561009,0.151171,3.276,
1.28872,-0.407321,4.492,0.70793,-0.435227,4.478,
-1.07497,-0.706008,3.622,-0.851009,-0.903768,3.809,
-0.619689,-0.629527,3.917,-0.948419,-0.42021,2.374,
-0.850111,-0.74622,2.962,-1.73931,-1.09236,3.796,
-1.2794,-0.837373,3.846,-0.906949,-0.680169,2.599,
1.19723,-0.342534,4.506,-0.954368,-0.237938,2.941,
-0.487111,-1.22066,4.266,-0.321013,-1.40054,4.372,
1.12358,-0.697496,4.476,-1.15509,-0.405705,2.426,
1.14794,-0.526502,3.687,-0.497239,-0.616931,3.959,
1.16534,-0.226252,4.386,-1.17346,-0.134844,2.534,
0.405146,-0.719236,4.521,1.36546,-0.523501,3.013,
1.14513,-0.216194,2.844,0.133297,-0.383886,4.311,
-0.599755,-0.498129,3.791,0.737809,-0.674047,4.667,
-0.921521,-0.748404,2.99,2.01575,-1.18883,4.108,
1.21259,-0.551021,4.592,-0.448758,-0.526143,4.106,
1.37897,-0.734858,3.076,1.14606,-0.915416,3.332,
-1.09714,-0.685204,3.981,-1.10803,-0.525926,2.471,
-0.14127,-0.620366,4.552,-0.506351,-0.631498,4.139,
0.796606,-0.450417,4.484,-0.893081,-0.278965,2.608,
-0.435174,-0.504774,4.042,1.27891,-0.393787,2.822,
1.22153,-0.397678,2.817,-0.0426643,-0.718055,4.336,
0.804601,-0.683624,4.529,1.15679,-0.526521,3.211,
1.09893,-0.132099,2.931,-0.742229,-0.182098,3.422,
0.936515,-1.15498,4.386,1.70145,-1.01235,3.538,
0.804245,-1.18473,4.527,0.232642,-1.27004,4.464,
1.18306,-0.748027,4.346,-0.269752,-0.805399,4.35,
0.387671,-0.138601,4.326,-0.658534,-0.119251,3.542,
1.02211,-0.935677,4.645,1.50443,-0.639896,2.939,
-0.207432,-0.170216,4.236,-0.0697965,-0.192267,4.266,
0.790388,-0.309215,4.449,0.932171,-0.332368,4.468,
0.0538136,-0.254267,4.144,0.36878,-0.299889,4.527,
-0.459721,-1.06879,4.27,-0.469306,-1.20769,4.294,
1.16048,-0.202073,4.045,-1.04662,-0.130355,2.527,
-0.876386,-0.340149,3.18,-0.938048,-0.438751,3.424,
-0.862708,-0.752298,3.149,-0.894064,-0.960424,4.283,
1.15422,-0.209428,2.755,1.16483,-0.289259,3.19,
1.27526,-0.49975,4.602,0.0215836,-0.521236,4.465,
1.10812,-0.758383,3.382,-0.840398,-0.882896,3.482,
1.15163,-0.135978,2.636,-0.655706,-0.201376,3.466,
1.06605,-0.160736,3.442,1.18738,-0.120812,2.342,
0.78774,0.0907177,4.517,-0.799757,0.0790054,3.164,
1.02054,0.0837293,4.537,1.29659,0.0544765,2.509,
1.07441,-0.764475,4.484,0.0415165,-0.790402,4.269,
-0.550095,-0.782612,4.015,0.0926994,-1.03463,4.752,
-1.03993,-0.655142,2.551,0.127206,-1.39085,4.599,
1.08998,0.128719,2.371,1.18608,0.161468,2.458,
1.18168,-0.270972,2.788,0.0143039,-0.506691,4.465,
0.186011,-0.147936,4.394,0.454389,-0.151423,4.29,
-0.870167,-0.910808,3.335,0.709655,-1.08858,4.785,
-0.211366,-0.732145,4.465,1.37136,-0.56519,3.026,
1.14115,0.0310542,4.403,-0.235395,0.0424901,4.121,
-0.273567,-0.244232,4.089,-0.673222,-0.233484,3.44,
-0.211497,-0.574541,4.319,-0.883651,-0.368453,2.441,
0.0978806,-0.529867,4.299,-0.89366,-0.578532,4.349,
1.08299,-0.425899,4.614,-0.946685,-0.297254,3.008,
0.169807,-0.245425,4.346,1.20851,-0.164807,2.686,
-0.134535,-0.265987,4.335,-1.17033,-0.162829,2.458,
-0.109475,-0.710486,4.466,-0.261754,-0.781438,4.335,
-0.707168,-0.632851,3.978,1.22269,-0.764815,4.361,
1.18535,-0.190994,2.625,-0.412151,-0.342958,4.075,
-0.224065,-0.298164,4.29,-0.437555,-0.29754,3.832,
0.835389,-1.24985,4.496,-1.37591,-1.39449,4.636,
0.843162,0.150643,2.694,-0.173252,0.249703,3.538,
0.449983,-0.222646,4.184,-0.650055,-0.19573,3.466,
-0.494484,-0.570612,4.042,-0.458536,-0.670618,4.259,
-0.209391,-0.485243,4.276,1.32295,-0.319699,2.56,
-0.669242,-0.472677,3.835,1.05699,-0.437472,3.21,
1.13499,-0.445488,2.889,1.08881,-0.501671,2.783,
-1.00778,-0.68865,3.593,-0.023485,-1.11063,4.746,
-0.873448,0.135804,2.943,0.752367,0.195102,3.297,
1.20701,-0.274417,2.527,1.17903,-0.273123,2.719,
-0.768042,-0.56299,4.131,-1.05878,-0.378416,2.507,
-1.37292,-0.945375,4.408,-0.10391,-1.09224,4.541,
0.845095,-0.967101,4.801,-1.10391,-0.904215,4.153,
-0.780952,0.173858,2.938,0.993469,0.173734,2.353,
1.00756,-0.151909,4.512,1.21036,-0.0894417,2.534,
0.909298,-0.368344,4.463,-1.13314,-0.220908,2.527,
1.26823,-0.36569,2.749,-0.905327,-0.455336,2.922,
-0.686856,0.155748,3.052,0.337254,0.278704,4.14,
1.0671,-0.0852334,4.484,1.09928,-0.0854615,4.496,
1.06265,0.142027,4.289,-0.940912,0.112444,2.959,
-0.235894,-1.03782,4.662,0.945257,-1.0948,4.461,
1.17878,-0.452304,4.577,-0.823739,-0.454737,4.317,
1.07593,-1.15267,4.46,-0.905943,-0.839703,3.003,
-0.392832,-0.660831,4.378,0.484208,-0.763345,4.435,
-0.948579,-0.486334,2.434,-0.885768,-0.731605,3.001,
0.0852866,-0.0332557,4.372,-0.93077,-0.010746,2.471,
1.08471,0.0395716,4.558,1.0515,0.0377526,3.162,
-0.548238,-0.9659,4.099,1.45942,-0.872033,3.353,
0.474718,-0.553636,4.552,1.25293,-0.591037,4.443,
-0.391748,-0.717091,4.288,1.07572,-0.863468,4.583,
0.109426,-0.182625,4.204,-0.912327,-0.143551,3.074,
1.00174,0.121132,3.658,0.973543,0.111798,2.942,
1.06099,-0.224569,3.39,-0.91882,-0.19616,2.696,
0.169104,-1.03396,4.328,-0.55836,-1.1268,4.279,
1.22224,-0.615596,4.517,1.14505,-0.434049,2.939,
0.36658,0.0390681,4.5,-0.166487,0.0529276,4.433,
-0.845232,-0.497923,2.492,-0.921197,-0.706251,2.897,
0.0895611,-0.370395,4.237,0.261317,-0.438063,4.584,
1.13722,-0.0749178,2.603,1.0879,-0.0598382,3.148,
1.21299,-1.49104,4.801,-0.180307,-1.60834,4.801,
1.04078,-1.7491,4.801,0.322438,-1.82692,4.603,
0.909012,-0.74992,4.357,-0.358611,-0.821076,4.396,
0.126093,-0.088843,4.305,1.27695,-0.0509944,2.471,
1.22689,-0.737915,3.11,1.39962,-0.956771,3.462,
-0.353064,-0.399499,4.328,-0.931655,-0.256638,2.597,
-0.569307,-0.566377,4.012,1.32731,-0.434587,2.76,
-0.904712,-0.69234,4.14,-0.490405,-0.858193,4.555,
1.29474,-0.703884,3.282,1.48229,-0.708201,2.905,
0.903345,0.162846,2.542,-1.1793,0.209683,2.46,
1.2853,-0.490157,2.931,-1.23045,-0.516536,2.695,
1.19135,-0.270917,2.935,1.24832,-0.263832,2.544,
0.8637,-1.17262,4.453,0.931177,-1.24784,4.361,
0.907906,0.181913,2.264,1.01589,0.183736,2.334,
0.59267,-0.720002,4.435,-0.338012,-0.756923,4.316,
1.20076,-0.783002,3.108,-0.60669,-1.28777,4.376,
1.04803,-0.00332485,3.047,-1.03838,0.0177523,2.517,
-0.97511,-0.575346,2.392,-0.0592528,-1.28683,4.523,
1.09438,-0.595063,3.629,0.287337,-0.800593,4.523,
0.869578,-1.75838,4.68,-6.43595e-23,-4.1187e-21,-1.58823e-23,
1.19691,-0.151564,4.294,-0.895571,-0.125177,3.39,
0.898586,-1.25044,4.446,-0.675402,-1.32537,4.359,
1.05079,-0.787047,3.34,-0.187636,-1.18059,4.597,
1.09894,-0.170018,3.195,1.02963,-0.276847,4.512,
0.92984,-0.9735,4.794,-0.861275,-0.533909,2.434,
0.0635078,0.0377224,4.345,-0.572825,0.0399375,3.345,
0.067772,0.131711,3.791,-1.35776,0.110906,2.586,
1.15944,0.00533169,2.461,0.1811,0.0650133,4.278,
0.991187,-0.809051,3.341,-0.916009,-0.764882,2.941,
1.17389,-0.40235,2.988,-0.56288,-0.626057,4.06,
1.07572,-0.856003,4.583,-1.03886,-0.491709,2.441,
1.1597,-0.507266,3.909,0.963865,-0.615798,4.413,
0.430545,0.173038,4.194,-0.878246,0.140598,2.943,
1.08438,-0.0719234,3.01,-0.942407,-0.0327012,3.01,
1.12436,-0.26009,3.832,1.12668,-0.211294,2.904,
-0.602445,-0.736061,3.808,-0.304302,-0.99985,4.662,
1.11786,-0.768969,3.727,-1.01552,-0.911335,4.124,
1.34644,-0.704716,3.189,-0.666518,-1.05452,4.213,
0.792464,-0.0489105,4.502,1.08238,-0.0333965,3.074,
0.417423,-1.21143,4.658,1.09972,-1.28574,4.468,
1.09714,-0.131335,2.629,-1.15192,-0.146587,2.523,
0.803467,0.191346,2.65,0.7675,0.211502,2.39,
-0.213855,0.173896,3.64,-0.919092,0.140414,2.44,
1.19901,-0.147865,2.545,-1.12858,-0.167333,2.526,
-0.227849,-1.14178,4.503,1.09243,-1.24935,4.468,
1.0485,0.0522977,2.604,-1.3056,0.138437,2.55,
1.19234,-0.322966,2.846,-1.33785,-0.332727,2.564,
1.20152,-0.112223,2.49,-0.320585,-0.193792,4.01,
0.97497,0.102621,3.099,0.0878107,0.1778,3.599,
0.00679924,-1.08181,4.322,-0.666518,-1.16432,4.213,
-0.784091,-0.274213,3.459,-1.17532,-0.23177,2.556,
-1.06287,-0.7055,4.178,0.280303,-0.959612,4.651,
-0.651796,0.145218,3.147,-0.086588,0.217757,3.784,
1.14038,-0.771859,3.209,-0.871931,-0.874428,3.221,
0.986059,0.0558878,2.574,-0.606408,0.171836,3.073,
1.31741,-0.416388,4.592,1.19185,-0.311194,3.098,
-0.787973,-0.517518,2.655,-0.969837,-0.625506,2.499,
-0.602445,-0.612009,3.808,-1.14608,-0.445452,2.449,
-0.787257,-0.691047,2.743,1.39807,-0.94841,3.153,
1.2129,-0.347019,4.565,0.0783731,-0.368964,4.384,
1.1291,-0.700924,4.498,1.1209,-0.508385,2.926,
-0.423621,-0.673444,3.876,-0.33668,-0.858977,4.299,
-0.986348,-0.382828,3.579,0.952335,-0.598696,4.393,
-0.890927,-0.776904,3.252,-0.977734,-0.546893,2.37,
1.07587,-0.195213,2.568,-0.925759,-0.224192,2.346,
1.27609,-0.500076,4.605,-0.978631,-0.426105,3.551,
-0.991394,-0.530037,3.474,1.1648,-0.499195,2.561,
1.02555,-0.701874,3.13,1.09399,-0.798706,2.996,
1.29957,-0.195947,4.196,0.0908453,-0.212323,3.99,
0.755826,0.0870424,4.334,1.14612,0.0631494,2.529,
1.00344,0.0823268,4.461,0.733479,0.100041,4.286,
1.0574,-0.752371,4.413,1.09323,-0.53781,2.806,
-0.484878,-0.689829,3.539,-0.309703,-1.01335,4.519,
1.10284,-0.252894,2.602,-0.890248,-0.368027,3.067,
0.180677,-0.143694,4.268,1.11757,-0.0910582,2.466,
-0.200053,-0.692955,4.226,-0.318015,-0.801587,4.147,
1.17121,0.0318724,4.519,1.0544,0.028746,2.788,
-0.255169,-0.227807,3.814,-0.687404,-0.234234,3.293,
-0.211301,-0.574009,4.315,-1.01158,-0.630151,4.002,
0.0955128,-0.517048,4.195,-1.25597,-0.341937,2.509,
1.03558,-0.407253,4.412,-0.916688,-0.375037,3.674,
0.152889,-0.220973,3.913,0.832589,-0.275,4.366,
-0.108683,-0.214875,3.502,0.734164,-0.298164,4.29,
-0.107833,-0.699827,4.399,1.21838,-0.467814,2.483,
-0.70059,-0.626965,3.941,1.25693,-0.536642,2.977,
1.11219,-0.179207,2.463,0.8839,-0.394145,4.27,
0.818481,-1.22456,4.405,1.12303,-1.43607,4.624,
0.888856,0.158807,2.84,0.897174,0.185415,2.457,
0.452241,-0.223764,4.205,-0.751684,-0.188593,3.246,
-0.491425,-0.567083,4.017,-0.924969,-0.380538,2.344,
-0.209979,-0.486605,4.288,1.12099,-0.406076,3.169,
-0.620379,-0.438166,3.555,0.119655,-0.603658,4.326,
1.13617,-0.44595,2.892,-0.331537,-0.788078,4.147,
-0.732625,-0.500627,2.612,-0.734388,-1.04945,4.248,
-0.661137,-0.484627,3.556,-0.26087,-0.638748,4.099,
-0.839701,-0.578206,2.696,1.13568,-0.69963,2.832,
-0.789192,0.175692,2.969,0.903587,0.185793,2.41,
1.01649,-0.153256,4.552,-0.242529,-0.138045,3.911,
1.25161,-0.820912,2.953,0.850995,-1.39054,4.501,
0.885664,-0.35877,4.347,-0.182651,-0.390183,4.303,
-0.673578,0.152737,2.993,0.29482,0.266077,3.77,
-0.294311,-0.285673,3.758,-0.868798,-0.213653,2.444,
1.07424,-0.0858036,4.514,0.0343136,-0.0805763,4.239,
1.0909,0.145802,4.403,1.18111,0.0896818,2.36,
-0.227191,-0.999529,4.49,-0.636406,-1.04577,4.151,
1.19063,-0.45685,4.623,-0.543143,-0.435679,4.012,
1.08679,-1.1643,4.505,1.32065,-0.834324,2.883,
-0.393011,-0.661133,4.38,-0.362612,-0.735257,4.116,
0.0821069,-0.0320158,4.209,-0.82345,-0.0135554,3.117,
1.07781,0.0393199,4.529,-0.372184,0.0429979,3.169,
-0.572848,-1.00926,4.283,0.752239,-1.19459,4.481,
0.465853,-0.543297,4.467,-0.856223,-0.313862,2.303,
0.10737,-0.179193,4.125,-0.891631,-0.118499,2.452,
1.18056,0.142756,4.311,0.81753,0.171358,4.324,
1.2275,-0.259811,3.922,-0.0362681,-0.335845,4.418,
1.23171,-0.620366,4.552,-1.30464,-0.382189,2.532,
0.344504,0.0367153,4.229,1.06304,0.0540738,4.529,
0.0904911,-0.374242,4.281,0.680132,-0.429575,4.347,
1.09178,-0.0719245,2.499,-0.681621,-0.00895159,3.291,
1.16827,-1.43607,4.624,0.410601,-1.55149,4.5,
0.926321,-1.55674,4.273,0,0,0,
0.910473,-0.751125,4.364,1.00433,-0.556491,2.879,
-0.401221,-0.334926,3.904,0.701394,-0.429575,4.347,
0.123017,-0.0866761,4.2,1.2468,-0.0917735,4.447,
0.789648,-0.815965,4.486,-0.703439,-0.547467,2.696,
1.12511,-0.676699,2.852,1.29552,-1.25024,4.296,
0.998279,-1.18493,4.313,-0.402523,-1.37129,4.486,
-0.345722,-0.391192,4.238,-0.518057,-0.426587,4.179,
-0.550151,-0.547319,3.877,-1.30261,-0.435221,2.708,
1.0839,-0.222534,2.866,1.20471,-0.22037,2.346,
0.869532,0.20339,2.481,1.18445,0.255095,2.292,
-0.925472,-0.708227,4.235,0.260113,-0.864674,4.436,
1.49988,-0.815408,3.802,1.30971,-0.657111,2.575,
0.917307,0.167959,2.436,0.314278,0.339375,3.572,
0.587859,-0.714158,4.399,-0.491404,-0.624249,3.463,
1.13083,-0.737403,2.927,0.410343,-1.42955,4.579,
1.07899,-0.00342306,3.137,0.123526,0.0216694,3.995,
1.30668,-0.710501,4.333,-0.802867,-0.407073,2.238,
1.25962,-0.159506,4.519,-0.291139,-0.149552,3.879,
0.874737,-1.21725,4.328,1.45897,-1.14641,3.653,
1.3186,-0.305022,4.494,-0.182663,-0.268543,3.61,
-0.55435,-0.6773,3.504,1.00268,-1.04569,4.732,
0.785423,-0.048476,4.462,0.197538,-0.0454448,4.183,
0.409806,-1.18932,4.573,1.1815,-0.936554,3.165,
0.99857,0.0498074,2.48,0.832647,0.266831,3.87,
1.18606,-0.321263,2.831,-0.251503,-0.607231,4.403,
1.09578,0.115337,3.483,-0.920055,0.128779,2.303,
-0.746688,-0.261132,3.294,0.671933,-0.419141,4.386,
1.09098,-0.738425,3.07,0.324782,-1.2891,4.531,
1.03088,0.0584282,2.691,0.209451,0.252102,3.572,
1.28355,-0.405688,4.474,1.37335,-0.455069,4.388,
-0.578714,-0.587901,3.658,1.21206,-0.481379,2.555,
-0.690249,-0.605894,2.405,-0.216283,-1.29956,4.141,
-0.766108,-0.501422,2.303,-0.301752,-1.07047,3.699,
1.18049,-0.337745,4.443,0.997026,-0.396097,4.531,
1.104,-0.685341,4.398,-0.322348,-0.735257,4.116,
-0.119763,-0.525921,3.859,-0.839389,-0.441911,2.695,
0.776886,-0.439267,4.373,-0.868094,-0.309802,2.73,
-0.342962,-0.841673,3.138,1.60103,-1.464,4.547,
-0.381234,-0.442208,3.541,-0.538728,-0.542008,3.67,
0.750949,-0.638039,4.227,-0.0603223,-0.711495,4.095,
1.0873,-0.130702,2.9,-0.621592,-0.198186,3.23,
0.783637,-1.15438,4.411,1.38935,-0.891851,2.949,
1.22906,-0.777115,4.515,-0.888186,-0.723307,3.68,
0.385162,-0.137704,4.298,0.791188,-0.162952,4.413,
0.981622,-0.898612,4.461,-1.04945,-0.510267,2.227,
0.756101,-0.295801,4.256,1.12182,-0.244643,3.086,
0.0486062,-0.229663,3.743,1.1017,-0.21951,3.086,
-0.347213,-0.807225,3.225,1.27951,-0.874414,2.907,
0.834877,-0.753535,4.378,1.39146,-0.845831,4.268,
1.27695,-0.222355,4.451,-0.928901,-0.121092,2.208,
-0.803629,-0.311911,2.916,1.1045,-0.432996,2.998,
1.16469,-0.211328,2.78,1.19428,-0.265187,2.442,
1.25558,-0.49204,4.531,1.08291,-0.538742,4.314,
-0.994248,-0.531563,3.484,0.613885,-0.896564,4.38,
1.12188,-0.767801,3.424,1.10848,-0.81957,2.931,
1.30762,-0.197161,4.222,1.20511,-0.209791,3.715,
0.728271,0.0838692,4.176,-0.689521,0.0770305,2.896,
0.961604,0.0788942,4.275,1.12742,0.0539884,2.313,
1.04446,-0.743164,4.359,-1.01035,-0.441257,2.245,
0.168739,-0.1342,3.986,-0.896804,-0.08323,2.254,
-0.706048,-0.739025,2.706,0.0856572,-1.06332,4.391,
-0.195271,-0.676394,4.125,0.691043,-0.854095,4.24,
1.15022,0.0313011,4.438,1.10378,0.0242403,2.351,
-0.246806,-0.220341,3.689,-0.896025,-0.163506,2.198,
-0.188677,-0.512551,3.853,-0.951939,-0.361235,2.203,
0.0932587,-0.504846,4.096,0.568925,-0.593764,4.206,
1.07079,-0.421099,4.562,-0.85384,-0.237744,2.257,
0.151326,-0.218714,3.873,-0.667401,-0.20341,3.148,
-0.111073,-0.2196,3.579,-0.996254,-0.159191,2.238,
0.904818,0.161659,2.891,0.86039,0.182797,2.275,
0.416213,-0.205937,3.87,-0.98817,-0.133076,2.228,
-0.419859,-0.484498,3.432,1.23374,-0.602833,3.57,
-0.631024,-0.445685,3.616,-0.913933,-0.318871,2.233,
1.14953,-0.451193,2.926,-0.817813,-0.721549,3.582,
-0.675639,-0.495257,3.634,0.473213,-0.707153,4.4,
-0.759032,-0.522659,2.437,-0.756777,-0.991142,3.835,
0.755147,-0.864166,4.29,-0.90388,-0.491973,2.132,
-0.745865,0.166047,2.806,-0.922534,0.178387,2.176,
1.2389,-0.812572,2.923,-0.171089,-1.42706,4.366,
0.927024,-0.375524,4.55,1.00803,-0.430314,4.581,
-0.610563,0.138448,2.713,0.841511,0.259309,3.512,
-0.295408,-0.286738,3.772,1.19859,-0.22698,2.459,
1.06472,-0.0850433,4.474,-1.11274,-0.0435291,2.29,
1.02474,0.136961,4.136,-0.553274,0.113935,2.875,
1.17775,-0.451909,4.573,-0.798875,-0.32616,2.916,
1.00115,-1.07255,4.15,-0.324626,-1.03871,3.491,
-0.38018,-0.639548,4.237,1.21308,-0.460221,2.464,
0.0781859,-0.0304869,4.008,-0.889846,-0.0124247,2.857,
1.03688,0.0378266,4.357,0.677604,0.0553043,4.076,
-0.554524,-0.976975,4.146,-0.0912376,-1.0165,3.722,
0.445621,-0.519702,4.273,-0.036672,-0.526143,3.727,
-0.38791,-0.710067,4.246,-0.785763,-0.492716,2.446,
1.16413,0.140769,4.251,-0.466719,0.120475,2.92,
1.2516,-0.264911,3.999,-0.019561,-0.313374,3.953,
0.173676,-1.06191,4.445,-0.755523,-0.704086,2.518,
1.19789,-0.60333,4.427,1.21237,-0.466551,2.963,
0.116749,-0.0822597,3.986,-0.613171,-0.0615813,2.984,
0.75057,-0.775585,4.264,-0.422132,-0.704404,3.361,
1.12141,-0.168945,4.382,0.996685,-0.18319,4.217,
0.808758,-1.3422,4.511,1.59654,-1.6318,4.801,
1.12599,-0.256056,2.774,-0.423076,-0.414771,3.553,
0.867385,-1.17763,4.472,1.28125,-0.763479,2.511,
0.895466,0.16396,2.378,-0.837924,0.226526,2.196,
0.55846,-0.678442,4.179,-0.797192,-0.468983,2.533,
1.09529,-0.714225,2.835,-0.82753,-1.40761,4.264,
1.09962,-0.00348853,3.197,-1.12548,0.00493522,2.278,
0.871099,-1.21219,4.31,-0.889576,-1.21125,3.762,
1.14108,-0.854677,3.627,0.0351563,-1.01083,3.615,
1.14743,-0.177521,3.336,-0.535119,-0.228036,3.281,
1.16846,-0.316497,2.789,1.08412,-0.340779,2.879,
1.08697,0.11441,3.455,0.256001,0.233063,3.833,
0.00612121,-0.973926,3.891,0.487677,-1.23353,4.215,
-0.698859,-0.244405,3.083,-0.809099,-0.293597,2.971,
-0.946106,-0.627993,3.719,-0.392114,-1.00841,4.37,
1.0391,-0.703308,2.924,-0.330103,-1.15772,3.891,
1.05195,0.0596224,2.746,-0.0632256,0.311729,2.975,
1.26949,-0.401245,4.425,1.40209,-0.484232,4.527,
-0.779959,-0.512255,2.628,-0.768343,-0.561295,2.031,
1.16588,-0.333564,4.388,1.33026,-0.395714,4.364,
-0.335931,-0.841814,2.942,-0.323075,-1.57347,4.5,
1.0676,-0.662746,4.253,0.152716,-0.688568,3.752,
0.999994,-0.32163,4.231,1.09639,-0.265007,2.976,
0.359791,-0.540741,4.33,-1.02636,-0.32166,2.178,
-0.364008,-0.51034,3.381,-0.467357,-0.624138,3.371,
1.33817,-0.613752,4.298,-1.03795,-0.374225,2.195,
1.14382,-0.222073,4.305,0.170314,-0.231391,3.874,
0.392869,-0.697441,4.384,-0.770711,-0.609873,3.237,
-0.540587,-0.448986,3.417,-0.400652,-0.510344,3.275,
1.18777,-0.539741,4.498,-0.955034,-0.486443,3.486,
-0.119607,-0.525239,3.854,1.22588,-0.428781,2.515,
0.770846,-0.435852,4.339,-0.854539,-0.33247,2.848,
-0.399214,-0.463064,3.708,0.799553,-0.668267,4.38,
1.11017,-0.133451,2.961,0.629762,-0.255968,3.864,
0.952957,-1.17526,4.463,1.31857,-0.860276,2.77,
-1.02707,-0.549108,3.599,-0.137955,-0.817303,3.84,
1.38957,-0.951006,4.241,1.09201,-0.86934,3.004,
1.3451,-0.202811,4.343,1.12717,-0.131105,2.195,
0.698799,0.080475,4.007,1.15147,0.0899923,3.604,
0.924939,0.0758861,4.112,0.143473,0.0857092,3.672,
1.03344,-0.735322,4.313,1.12604,-0.617931,3.043,
1.15048,0.0313081,4.439,-0.838605,0.0230546,2.236,
-0.24433,-0.218131,3.652,1.11857,-0.206829,2.609,
-0.192742,-0.523592,3.936,1.18496,-0.742141,4.353,
0.0938734,-0.508174,4.123,-0.818622,-0.346917,2.402,
1.01985,-0.401068,4.345,-0.929082,-0.23174,2.134,
-0.109335,-0.216164,3.523,-0.35012,-0.241912,3.252,
-0.652771,-0.478494,3.511,1.12542,-0.482402,2.913,
0.757083,-0.866382,4.301,1.13723,-1.08196,4.56,
-0.732043,0.162969,2.754,-0.945808,0.175075,2.094,
0.962226,-0.145075,4.309,-0.220212,-0.140608,3.647,
0.885868,-0.358852,4.348,-1.07276,-0.205461,2.15,
-0.61979,0.14054,2.754,0.778081,0.27499,3.644,
-0.286245,-0.277844,3.655,1.34106,-0.42497,4.447,
1.03164,-0.0824011,4.335,-1.06259,-0.0446795,2.165,
1.01582,0.135768,4.1,1.07021,0.0837157,2.203,
-0.19501,-0.857947,3.854,1.17734,-0.613158,2.3,
-0.358556,-0.603171,3.996,-0.788862,-0.423387,2.209,
1.01475,0.0370192,4.264,-0.829916,0.0306915,2.262,
0.452922,-0.528216,4.343,1.21865,-0.367626,2.517,
-0.334831,-0.612905,3.665,-0.688041,-0.713278,3.43,
1.2074,0.146001,4.409,-1.0741,0.0896958,2.174,
1.30825,-0.276902,4.18,0.633573,-0.35258,4.272,
1.16704,-0.587794,4.313,-1.08689,-0.608634,3.787,
0.0837904,-0.34653,3.964,0.72315,-0.467377,4.437,
0.876257,-0.722897,4.2,1.13397,-0.69801,3.41,
-0.354357,-0.295805,3.448,-0.857719,-0.223418,2.121,
0.752506,-0.777586,4.275,-0.974404,-0.466039,2.173,
-0.291147,-0.329439,3.569,0.468086,-0.458858,4.163,
-0.494951,-0.492403,3.488,-1.11588,-0.662864,3.888,
1.0718,-0.220049,2.834,1.13221,-0.279181,2.692,
0.810652,0.189618,2.313,0.845799,0.368635,2.965,
-0.880892,-0.674112,4.031,-0.618734,-0.680663,3.299,
0.796925,-1.32256,4.445,-0.644664,-1.53838,4.441,
0.896285,-1.21686,4.621,0.806705,-1.38483,4.459,
0.902621,0.16527,2.397,-0.553918,0.291715,2.784,
0.567413,-0.689319,4.246,-0.632801,-0.64118,3.374,
1.20247,-0.0038148,3.496,0.0829449,0.00850124,3.924,
1.34227,-0.72985,4.451,0.175388,-0.693923,3.59,
1.23454,-0.156329,4.429,-1.00449,-0.0894358,2.139,
0.889491,-1.23778,4.401,2.02505,-1.44392,4.374,
0.741417,-0.0457599,4.212,-0.544178,-0.037554,3.006,
0.398514,-1.15655,4.447,-0.247987,-1.27551,4.107,
0.953246,0.227016,3.144,-0.604106,0.279246,2.665,
-0.21449,-1.07484,4.239,-0.277325,-1.13611,3.777,
1.28836,-0.985746,3.174,0.698414,-1.67424,4.658,
1.13385,0.119344,3.604,1.03653,0.136417,2.185,
1.09409,0.0620107,2.856,0.931356,0.223644,2.07,
1.27695,-0.403603,4.451,0.0641256,-0.428621,3.947,
-1.09545,-0.719457,3.691,0.284387,-1.21143,4.258,
1.16986,-0.334705,4.403,1.13088,-0.407899,4.419,
1.03748,-0.644046,4.133,0.0320956,-0.740574,3.965,
-0.550395,-0.457132,3.479,1.24236,-0.517253,3.285,
1.16031,-0.527262,4.394,0.629283,-0.57434,4.022,
0.379695,-0.135749,4.237,-0.452799,-0.125918,3.266,
-0.184123,-0.151089,3.76,1.1269,-0.2285,4.294,
1.28872,-0.224403,4.492,-0.851021,-0.115736,1.992,
-1.00536,-0.390209,3.648,1.24287,-0.67571,4.382,
1.22953,-0.481832,4.437,1.28194,-0.377111,2.87,
1.36678,-0.20608,4.413,1.15303,-0.157813,2.572,
0.657816,0.0757554,3.772,0.0840376,0.0981767,3.691,
1.02625,-0.730207,4.283,0.166087,-0.725641,3.517,
-0.19352,-0.670327,4.088,-0.853203,-0.435093,2.06,
-0.189167,-0.513881,3.863,-0.933814,-0.524273,3.046,
0.0891376,-0.482538,3.915,-1.01405,-0.54713,3.746,
0.999025,0.17849,3.192,-0.429176,0.230889,2.658,
0.438368,-0.216899,4.076,-0.603124,-0.183417,2.912,
0.859174,-1.19559,4.251,0.138307,-1.42342,4.249,
1.26128,-0.195135,3.667,-0.181822,-0.288301,3.713,
1.11171,0.0630095,2.902,-0.574514,0.301167,2.629,
1.25486,-0.396621,4.374,0.308352,-0.443868,4.027,
-0.550712,-0.559455,3.481,1.12726,-0.541498,2.755,
-0.79006,-0.517099,2.375,-0.308639,-1.1417,3.638,
1.13399,-0.324442,4.268,1.15743,-0.272222,2.898,
-0.108869,-0.478085,3.508,1.26167,-0.725882,4.139,
0.673669,-0.380906,3.792,-0.924246,-0.319309,2.661,
1.24281,-0.21641,4.332,-0.227203,-0.213233,3.57,
-0.811897,-0.31512,2.946,1.2787,-0.693922,4.407,
1.31599,-0.198422,4.249,-1.03969,-0.164378,2.679,
0.679092,0.0782056,3.894,0.179272,0.0944528,3.551,
-0.499066,-0.496497,3.517,-0.814227,-0.377205,2.171,
0.866028,0.202571,2.471,0.38158,0.451607,3.495,
1.31081,-0.00415852,3.811,0.429728,0.0213494,3.936,
1.30125,-0.707549,4.315,1.06569,-0.842793,4.218,
1.29361,-0.200137,3.761,1.15062,-0.182438,2.255,
1.28845,-1.05169,4.343,-0.097264,-1.01916,3.502,
-0.652616,-0.228233,2.879,-0.830522,-0.303552,2.927,
1.25085,-0.395351,4.36,-0.832018,-0.41047,3.724,
-0.740826,-0.484875,2.227,1.35585,-0.877736,2.754,
1.15764,-0.331208,4.357,0.304986,-0.366345,3.9,
1.06584,-0.661655,4.246,-0.468141,-0.690399,3.633,
1.01347,-0.325963,4.288,-0.785389,-0.17682,1.95,
0.81843,-0.763373,4.017,1.18728,-1.06456,4.581,
1.36432,-0.625747,4.382,-0.807971,-0.350824,1.982,
1.17783,-0.228676,4.433,-0.32152,-0.198247,3.231,
1.15133,-0.523182,4.36,-0.782348,-0.301277,2.086,
0.663009,-0.374879,3.732,1.21325,-0.323278,2.658,
0.772623,-0.656454,4.349,1.17919,-0.473241,2.556,
1.01427,0.0370018,4.262,1.07137,0.0287648,2.12,
1.11538,0.134874,4.073,-0.865547,0.106875,2.492,
1.34048,-0.283725,4.283,-0.0835218,-0.313135,3.65,
1.22394,-0.154988,4.391,1.19171,-0.115604,2.565,
0.836134,-1.16353,4.137,1.44415,-0.988691,2.895,
1.26507,-0.19572,3.678,-0.552321,-0.242469,2.997,
1.2932,-0.565662,4.359,-0.847917,-0.314918,2,
1.32215,-0.087694,3.67,-0.872588,-0.00304115,2.787,
1.30011,-0.300746,4.431,-0.877443,-0.164488,1.993,
0.734024,-0.0453036,4.17,-0.185446,-0.0457869,3.665,
1.27762,0.134477,4.061,0.773143,0.185971,2.635,
-0.659643,-0.23069,2.91,-1.0003,-0.347628,3.352,
