0.0278338
0.00417769
0.0037183
0.00217246
0.0277318
0.0121072
0.00933699
0.00606262
0.00809023
0.00946636
0.00327987
0.00325707
0.0257737
0.0302377
0.010726
0.0181824
0.00464635
0.00902651
0.0236847
0.0258866
0.0343111
0.00145537
0.00895382
0.00614973
0.0120992
0.00129468
0.00300111
0.0270026
0.0144081
0.0246153
0.00242529
0.0304015
0.0257017
0.0249637
0.0152696
0.0298582
0.00425642
0.00366697
0.026106
0.00140917
0.0332043
0.00430131
0.00836356
0.0246949
0.00561165
0.020525
0.0255333
0.0268732
0.015269
0.0183361
0.0170194
0.00135669
0.0271944
0.00713667
0.00173158
0.00148584
0.0018856
0.0243381
0.0235458
0.0239014
0.00195768
0.0305324
0.0110654
0.000769286
0.0209973
0.0124362
0.00698928
0.0181175
0.00541224
0.0238381
0.0188216
0.00274024
0.0257254
0.0117144
0.016348
0.0275251
0.00564511
0.0202516
0.00364904
0.0198848
0.0126176
0.00375736
0.00279259
0.00964172
0.00537106
0.0017149
0.000708569
0.0117751
0.0131982
9.5366e-05
0.0261251
0.0153328
0.00343921
0.0237099
0.0310642
0.00741719
0.00149323
0.00217324
0.0152643
0.00473847
0.0214609
0.000722319
0.0289365
0.00184821
0.00559862
0.0294228
0.0150826
0.0316165
0.0139991
0.00366195
0.00621379
0.00104669
0.0320457
0.00366088
0.0122203
0.0062492
0.0304725
0.0285276
0.011561
0.016253
0.00894197
0.02148
0.0333071
0.00615576
0.0261351
0.0130171
0.0294797
0.00616869
0.00970559
0.0297991
0.0295335
0.0348852
0.00861147
0.00930539
0.022878
0.0186654
0.0285722
0.0110567
0.0193963
0.00450963
0.03036
0.00355851
0.0206465
0.00449032
0.022451
0.00731945
0.00194942
0.00507925
0.000908865
0.00739317
0.00488679
0.00133072
0.00612524
0.00404049
0.0024002
0.00276493
0.00095919
0.00695099
0.0038303
0.00412651
0.000687149
0.00435853
0.00214244
0.00510082
0.00404363
0.00288823
0.00189141
0.00528944
0.00232289
0.000108191
0.00172629
0.00179448
0.00687088
0.00689305
0.00614929
0.00224671
0.00057899
0.000307448
0.00397921
0.00244853
0.00192418
0.000812713
0.00742327
0.0043622
0.0100812
0.00727469
0.004123
0.00510227
0.000162832
0.00272763
0.00174498
0.00068965
0.00451322
0.00497814
0.00053501
0.00800118
0.00131223
0.00604478
0.00188586
0.0024617
0.0044696
1.78447e-05
0.00362625
0.000851745
0.000805982
0.00667517
0.0063107
0.0031838
0.000773167
0.000727306
0.00585848
0.00575705
0.00248077
0.00635345
0.00495786
0.00375703
0.00538147
0.00476132
0.000252238
0.00136913
0.000688061
0.00246529
0.00612722
0.0105102
0.00665327
0.00611308
0.00540381
0.00214585
0.00177552
0.00301202
0.00202093
0.00275465
0.0064956
0.00239957
0.00729917
0.000926677
0.00489754
0.00564632
0.00100803
0.0011598
0.007257
0.00280826
0.00685275
0.00936041
0.00781145
0.00549464
0.00168045
0.00674278
0.00286169
0.0106717
0.00451002
0.00121284
0.00396124
0.00788789
0.00224399
0.00814833
0.00555658
0.00500338
0.0103301
0.00764119
0.00242193
0.00869935
0.000220289
0.00240719
0.000132092
0.00524304
0.00440304
0.00595215
0.00765574
0.00260772
0.00921018
0.00124122
0.00751463
0.000327235
0.00622055
0.00464425
0.000111803
0.0069752
0.00527136
0.00236092
0.00834577
0.000287096
0.000822768
0.00404277
0.00597169
0.000487219
0.00126341
0.00399277
0.00835137
0.00832117
0.000434336
0.0155401
0.0107106
0.00211309
0.00373013
0.00662004
0.00284826
0.004277
0.00256807
0.00412844
0.0021263
0.00581647
0.00174314
0.00379101
0.00035347
0.00428754
0.00332484
0.00299508
0.00386972
0.00509618
0.00654813
0.00986933
0.00230264
0.000645386
0.00105935
0.00755571
0.00966073
0.00661323
0.000200406
0.00100828
0.00657245
0.00347938
0.0036499
0.00908573
0.00353741
0.00881033
0.0106483
0.00168762
0.00273822
0.00539065
0.0100086
0.00455717
0.00908963
0.000302049
0.0063765
0.00326523
0.0068113
0.00274875
0.00612791
7.29093e-05
0.00216154
0.00882021
0.00797268
0.000143683
0.00484876
0.00360349
0.00077712
0.00207916
0.0110496
0.00204486
0.000809833
0.00893218
0.00263515
0.00699938
0.000912499
0.00567567
0.000163182
0.00547617
0.000110749
0.00436768
0.00102957
0.00889689
0.00326126
0.000692287
0.00968782
0.00213978
0.000562186
0.00418789
0.00720268
0.00164481
0.00511097
0.00192505
0.00483017
0.00789266
0.00484416
0.0039374
0.00598313
2.44155e-05
0.00147071
0.00498948
0.00621616
0.0026994
0.00132716
0.000389243
0.00624919
0.00438171
0.00729391
0.00725737
0.00328632
0.00071547
0.00228388
0.00766813
0.000476242
0.00370424
0.00600633
0.00876396
0.000561894
0.00902365
0.000721381
0.00634153
0.00101975
0.00880002
0.00481405
0.000535643
0.005715
0.000704387
0.00094946
0.000784774
0.00352021
0.00898317
0.00104009
0.005448
0.00216277
0.00702238
0.00768157
0.00349568
0.000873378
0.00467428
0.00757598
0.00489671
0.00197619
0.000439089
0.00474088
0.00176388
0.00238872
0.00351678
0.0028236
7.93508e-05
0.00631789
0.00174474
0.00164685
0.00257488
0.00659712
0.00414937
0.00534248
0.0030435
0.00102734
0.00160189
0.00493946
0.0103874
0.00841008
0.0122536
0.00124619
0.00127732
0.000109362
0.00409248
0.0117661
0.00959356
0.00155135
0.00515132
0.0104403
0.0102847
0.000924879
0.0110038
0.00983988
0.00136207
0.00420331
0.00691243
0.0141996
0.00670903
0.00572414
0.00143131
0.00600183
0.000277014
0.00412471
0.00503398
0.00628886
0.00195942
0.00644408
0.000183641
0.00642916
0.0028971
0.010121
0.00375173
0.00386923
0.00429683
0.00962339
0.0110487
0.00116178
0.00420163
0.0118971
0.00155429
0.00546197
0.000915509
0.00539132
0.00056829
0.00419921
0.00543846
0.000689487
0.00403547
0.0029394
0.00438924
0.00994891
0.00894607
0.010386
0.00304338
0.00210691
0.0085374
0.0030603
0.0015725
0.00205113
0.0050221
0.00212772
0.0113376
0.00128861
0.0120909
0.00867189
0.0123189
0.00515823
0.0053981
0.00710044
0.0156322
0.00874492
0.00155107
0.000840264
0.00192237
0.00893875
0.00904036
0.00686397
0.00202969
0.00969386
0.00409536
0.00304176
0.00765233
0.00550729
0.00297784
0.000733637
0.000756108
0.00167502
0.000732776
0.0116224
0.000612081
0.00110776
0.000423862
0.00659924
0.0102763
0.00951855
0.000672285
0.00835547
0.00146105
0.005438
0.00363386
0.00726138
0.000534351
0.00626807
0.00141263
0.00836733
0.00837634
0.0072452
0.00210421
0.00370021
0.00522492
0.010704
0.00548331
0.00547852
0.000884197
0.0101809
0.00844584
0.00112363
0.0116633
0.00537489
0.00579141
0.000559318
0.00811187
0.00908734
0.000382776
0.0056365
0.00856261
0.00014744
0.0018125
0.0067236
0.0102633
0.00933906
0.00111686
0.0114495
0.00542876
0.000169355
0.0105462
0.00622381
0.0105396
0.0105602
0.00464743
0.00133256
0.00534898
0.000175066
0.0105781
0.00410056
0.00776182
0.00538158
0.00015631
0.0104211
0.00385981
0.00103829
0.00280656
0.00116708
0.000971607
0.000271414
0.00735907
0.00380288
0.00083088
0.00606044
0.00329091
0.00313667
0.000961364
0.00234879
0.00441817
0.0109641
0.00690674
0.000302153
0.000568413
0.00490218
0.0098769
0.0109817
0.00610391
0.00438317
0.0103245
0.0110139
0.00829353
0.00683922
0.000670227
0.00970669
0.00334914
0.0075036
0.00515873
0.0100406
0.00921639
0.0112933
0.0011784
0.00689049
0.0106693
0.000257112
0.0020952
0.0112533
0.0107533
0.00152804
0.00361225
0.0118374
0.000217001
0.00371596
0.0122509
0.00697187
0.0123983
0.0133169
0.00802257
0.004686
0.00357028
0.00207117
0.00719476
0.00299918
0.0106048
0.00840359
0.000526693
0.000680092
0.00182823
0.00707533
0.00364869
0.000619659
0.00708735
0.00627223
0.000790506
0.00643678
0.0072538
0.0069338
0.000381277
0.00388694
0.00125732
0.000869915
0.00069946
0.00118295
0.00641933
0.00301727
0.000515633
0.000375723
0.00138998
0.00257956
0.00438194
0.00627824
0.00219242
0.00272332
0.00432913
0.00630098
0.00103621
0.00119228
8.96384e-05
0.0038728
0.0015176
0.00428748
0.0024383
0.00484584
0.0017647
0.00137914
0.00636371
0.00544312
0.00404859
0.00223922
0.00343658
0.00313507
0.00186168
0.00334386
0.000341638
0.00132418
0.00557524
0.00130047
0.000257604
0.00291236
0.00466237
0.0043022
0.00431459
0.00321814
0.00117092
0.00407091
0.00819136
0.00231109
0.00190428
0.00570585
0.00246433
0.00582474
0.000694794
0.00355843
0.0036135
0.00487793
0.00192386
0.00454387
0.0005657
0.00244618
0.000388506
0.00102616
0.00384522
0.00528578
0.00201582
0.00348232
0.0032125
0.00307328
0.00685292
0.00498648
0.00270847
0.00482863
0.00816705
0.00189033
0.00386027
0.000878405
0.00471295
0.00648193
0.00458969
0.00303396
0.00271367
0.000453434
0.00793777
0.00371737
0.00324985
0.000851853
0.00631513
0.00320581
0.00730118
0.00903175
0.000825005
0.00360438
0.00756738
0.00292105
0.00937138
0.00180004
0.00163399
0.00465991
0.00720403
0.00249637
0.0097707
0.00846001
0.000271919
0.000791475
0.00729661
0.000236607
0.000457033
0.00627349
0.000741948
0.00472018
0.00378561
0.00399979
0.000207825
0.00288364
0.00344299
0.00214118
0.00855461
0.00362332
0.00323924
0.000217704
0.00622244
0.00137182
0.00878686
0.00516916
0.00207296
0.00752329
0.000783625
0.00680561
0.000432716
0.00644732
0.00661589
0.00963654
0.00698312
0.00876381
0.00586817
0.00709433
0.00428407
0.00159158
0.00205739
0.00213423
0.00200598
0.0072167
0.00562868
0.00440582
0.000712818
0.00323103
0.00055549
0.00371383
0.00689017
0.00259067
0.00767486
0.00606964
0.00904433
0.0077906
0.00494202
0.000388325
0.00371415
0.00242068
0.000534151
0.00297357
0.00638334
0.00505892
0.00075933
0.000853108
0.0035523
0.00444295
0.00188759
0.000542702
0.00681242
0.000746226
0.011593
0.00472599
0.000741726
0.0104052
0.000858174
0.00654828
0.00790616
0.000665973
0.00240675
0.00754526
0.00450816
0.00149786
0.00111372
0.00219794
0.00379383
0.000725804
0.00965582
0.00661625
0.00677152
0.00449823
0.00949649
0.00848374
0.00863203
0.00212145
0.00103936
0.00574003
0.009537
0.0068171
0.00793175
0.0101678
0.000365462
0.00676702
0.00226385
0.00895472
0.003798
0.0017825
0.0110786
0.00329565
0.0109419
0.00315864
0.00125685
0.00246864
0.00851839
0.00373876
0.00312573
0.000410358
0.000885605
0.0070652
0.00707599
0.000924081
0.00709717
0.00583096
0.0054349
0.00566714
0.0108739
0.000972196
0.00624088
0.00319104
0.00756421
0.000426018
0.00440134
0.00047961
0.00111341
0.00726399
0.000496559
0.00604793
0.00325694
0.0107411
0.00114955
0.00498535
0.0128293
0.0135706
0.000701214
0.00131218
0.00343842
0.000809368
0.00515075
0.0044594
0.00661722
0.0075329
0.00855785
0.00452702
0.00865933
0.0101974
0.00987177
0.0174799
0.00821462
0.0223421
0.014508
0.0153127
0.0221317
0.00151791
0.0245409
0.00351023
0.00567406
0.0140453
0.00918181
0.00282942
0.0236166
0.00150085
0.00201243
0.0234036
0.0239682
0.0095885
0.0172388
0.0202812
0.00535051
0.0246025
0.0168501
0.0218693
0.00620959
0.00731432
0.000648231
0.0222599
0.000571848
0.00710846
0.0204268
0.0242219
0.0246783
0.0245148
0.0103311
0.00569777
0.00404683
