0.877112
0.0303372
0.82425
0.794065
0.57582
0.640092
0.737687
0.451315
0.415758
0.339013
1.15264
0.729876
0.884241
0.942961
0.372331
0.0516568
0.520035
0.418898
0.69835
0.363286
0.873781
0.747969
0.0353655
0.864617
1.08249
0.365041
0.86039
0.729625
0.87833
0.417446
0.560436
0.808466
1.27876
0.887219
0.0603503
0.850114
0.94234
0.677204
0.206568
0.256592
0.052927
0.310618
0.0259604
0.0287847
1.16167
0.0504424
0.150105
0.0246825
1.32225
0.0704266
0.0814076
0.187157
1.04188
0.163594
1.23671
0.0949508
0.0396662
0.312714
1.39897
1.20608
0.263636
0.171444
0.531456
0.717354
0.069613
1.88461
0.104932
1.01271
0.0122962
0.249279
0.0321699
0.127172
0.0124176
0.302512
1.03139
0.870263
0.905835
0.00949453
1.25708
0.00613754
1.43427
0.165188
0.28383
0.0302522
0.0621777
0.316557
0.0720546
0.075369
0.112745
0.284892
0.0380135
1.27099
0.276287
0.0199734
0.112982
0.0216569
0.0481626
0.161298
0.108034
0.0942245
0.056286
0.187266
0.0334507
0.0349242
1.31125
0.00779294
0.0228308
1.23562
0.0683848
0.126057
0.195682
0.187795
0.412493
0.0168403
0.201875
0.0622334
0.866185
0.0460787
1.36607
0.0151045
0.217165
0.00520522
0.246305
0.703824
0.133317
1.10132
0.0364195
0.0958498
0.153477
0.0457794
0.237791
1.09446
0.257283
1.16261
0.0709926
1.24681
0.338683
0.261123
0.214447
0.319284
0.340056
0.210078
0.216999
0.19287
1.18209
0.349138
0.0942246
0.123103
0.0745833
1.33753
0.144302
0.155797
0.246436
1.29021
0.7029
0.421285
0.0273712
0.80612
0.222059
0.18685
0.0433674
0.0766158
0.97961
0.813848
0.374747
0.118479
0.245264
1.11866
0.0957671
0.120264
0.70477
1.29954
0.633203
0.0834012
0.228949
0.424321
1.11867
0.0499357
0.760504
0.703812
0.143189
0.646925
1.22538
0.868416
0.214286
0.172422
0.286279
0.235385
0.0767866
0.18418
1.20169
0.0296126
1.01691
0.121933
0.0613296
0.39907
0.044144
0.217924
0.521737
0.0954122
1.35375
0.043342
0.256823
0.0203925
0.71884
0.133403
0.148071
0.441313
0.253567
0.526202
0.0217746
0.133139
0.148411
0.392209
1.91846
0.595635
0.846677
0.782234
0.592172
1.35096
0.25469
0.855752
0.132469
0.414118
0.279873
0.0166287
0.912216
0.471846
0.294377
0.170318
1.21147
0.855663
0.926051
0.289284
0.80157
0.448134
0.138604
0.294279
0.122214
0
0.192778
0.278662
0.759451
1.12787
0.682479
2.24252
0.674056
1.82606
0.121796
0.654292
0.0942095
0.329652
0.0838169
0.529296
0.935451
1.37899
0.0360309
0.264112
0.130043
0.693081
0.142513
1.3638
1.03213
0.0347798
0.0348338
0.213195
0.0975219
0.244635
1.2339
0.98741
1.66009
1.24318
0.660885
1.21416
1.43853
0.14464
0.527733
0.616475
0.105386
0.237302
0.0970803
1.11093
1.69599
0.357752
0.0831536
0.436043
0.435877
0.637621
1.82742
1.74029
0.263019
0.235379
0.464059
0.169131
0.384786
1.04666
0.981917
0.357677
0.208952
0.675987
0.37
1.05018
0.470945
0.408134
0.524467
0.345607
0.110833
0.119726
1.1734
1.27558
0.920919
0.453154
0.935262
0.981525
0.244943
0.198203
1.35497
0.0571767
0.980015
0.405439
0.464329
0.131789
0.11769
1.33845
0.956056
0.526929
0.626715
1.09729
1.38521
0.139032
1.07353
1.32276
0.532859
0.117184
0.650317
0.300774
0.924965
0.388648
1.33738
1.00812
0.971047
0.141819
1.33075
0.211777
0.102769
2.16297
0.0852999
0.176754
0.0928388
0.434477
0.145671
1.20264
0.381133
0.0379789
0.984909
1.06566
1.11653
1.18055
0.205456
0.262675
0.171036
1.1568
0.182131
0.059092
0.162942
0.191836
0.0101847
0.00887267
0.142292
0.01439
1.18596
1.26143
0.0762262
0.573344
0.124855
0.214278
0.0645811
0.0149278
0.0195269
0.0525985
0.0598629
0.0354581
0.0560626
0.163753
0.25893
0.322571
0.271187
0.237821
0.222268
0.278501
1.35966
0.414586
0.256505
0.0140637
0.166154
1.25803
0.170587
0.0421951
0.0758193
0.187554
0.0354368
0.104405
1.52144
0.247741
1.22759
0.26114
0.0709947
0.21531
0.185046
0.0993817
0.345273
0.0637411
0.973091
4.05617e+34
0.1058
0.0672209
0.289068
0.88633
0.952809
1.62707
0.155138
1.19538
0.337602
0.127753
0.378205
0.934449
0.331651
0.04834
0.592515
0.662961
0.137602
0.298073
1.1253
0.0516887
0.996366
1.4435
2.1516
0.173343
1.01976
0.403485
1.30926
0.0666477
0.886164
0.651998
0.560728
0.274002
0.275878
0.567823
0.282523
0.590027
0.254957
0.483932
0.135194
0.747479
0.0667097
0.229088
0.670949
0.25145
0.541429
0.615931
0.204256
0.106473
0.750169
0.622209
0.436716
0.301172
0.05719
0.179924
0.579009
0.192756
0.196615
1.05506
0.135391
0.716269
0.361304
0.151646
0.54668
0.225715
0.999592
0.0869652
0.380514
0.165476
0.648886
0.39577
0.195667
0.212537
0.459947
0.283067
0.103562
0.530221
0.311555
0.00495601
0.141228
0.131662
0.0658199
0.134633
0.33128
0.0367192
0.848006
0.511303
0.238936
0.623206
0.496092
0.494554
0.374801
0.47166
0.304289
0.563606
0.393108
0.0121499
0.748609
0.0298029
1.22765
0.00808853
0.425501
0.291244
0.734043
0.854641
0.597484
0.273827
0.402056
0.263661
0.377216
0.265396
0.782863
0.0799883
0.169762
0.740693
0.732049
0.250841
0.425685
0.384347
0.201725
0.105088
1.13195
1.04376
1.9921
1.8554
0.163748
0.0667984
0.0704932
0.111936
0.0527498
0.095082
0.0907534
1.68899
0.17056
1.29893
0.203542
0.129233
0.0306905
0.0073386
0.103059
0.025581
0.328816
1.13425
0.0149218
1.28626
0.209451
0.123845
1.10985
0.280003
1.73613
2.07713
0.720604
0.975576
0.113391
0.160962
0.706062
0.0204015
0.042663
0.886462
0.115733
0.151037
0.00590739
1.06343
0.134188
0.249764
0.0051305
1.3381
0.287245
0.350512
0.617995
0.406525
0.8023
0.154653
0.7886
0.338902
0.0504648
1.19752
1.21917
0.0937078
1.05108
0.0544166
0.00871333
0.0196565
0.132049
0.21724
0.0735069
0.00594255
0.0149626
0.0656577
0.173875
0.18447
0.208512
0.0655456
0.0357453
0.158473
1.14344
0.175716
0.120024
0.0835822
0.00166479
0.0471618
0.114086
0.123871
1.1448
0.157049
0.0961868
0.0607142
0.0208158
0.216397
0.155004
0.365237
0.0507724
0.380072
0.0567916
0.0279266
0.0325209
0.122972
0.0430861
0.101995
0.0125043
0.0180872
0.00771809
0.0231263
0.0275109
0.148847
0.160698
0.0295016
0.00923791
0.119177
0.142769
0.134055
0.00813324
0.00857961
0.377541
0.148734
0.0423492
0.133992
0.235847
0.0962603
0.0418718
0.0116673
1.05956
0.0408532
0.215862
0.330154
0.300301
0.0183724
1.35359
1.22108
0.0639246
0.690885
0.193567
1.25215
0.24829
0.856052
0.261872
0.298479
0.33167
1.04391
0.914104
0.624305
0.967997
1.24853
0.585426
0.996043
0.296049
1.514
0.1203
0.0693429
0.677275
0.819748
1.0327
0.244309
0.537342
0.215048
0.790008
0.0823063
0.500201
0.031441
0.555554
0.0148721
0.6907
0.0439453
0.525557
0.689872
0.916158
0.524668
1.07367
0.170929
0.67989
1.3773
0.262339
0.143632
0.693165
0.606291
0.977959
0.804351
0.382872
0.940632
0.59787
0.345461
0.20303
0.0230652
0.120474
0.0851741
0.032082
0.889925
1.13998
0.31573
0.419999
0.0463477
0.242802
0.0550665
0.167449
0.243864
0.0669631
0.129646
0.622156
0.808253
0.421238
0.245072
1.23455
0.110777
0.321148
0.0662471
0.802672
0.736253
0.783395
0.30171
0.442203
0.215983
0.0395265
1.05114
0.319086
1.18847
0.11102
1.11394
0.289498
0.112625
0.8066
0.822558
0.701588
0.0595877
0.284573
0.269543
0.0920638
1.31796
1.23459
0.544538
0.596567
1.22063
1.29768
0.139647
0.943063
0.778609
0.0502608
0.543337
0.444798
0.30153
0.0521802
1.21648
0.823336
1.05077
1.08386
0.17439
0.28953
0
1.03536
0.0318366
1.14084
0.268584
0.130996
0.062286
0.751502
1.12675
0.179314
0.496626
0.141712
2.11167
0.169294
1.314
0.161191
0.170481
0.692616
0.642089
0.415449
0.816186
0.770587
0.0732074
1.34465
0.607028
0.877049
1.3611
0.0248317
1.45431
0.0139989
1.31974
1.0263
0.0800366
0.677765
0.214998
0.670287
0.502097
0.0714361
0.937602
0.189443
0.737448
0.0040211
1.15085
0.282979
1.29195
0.0958629
1.14069
0.468647
1.09744
0.161322
0.787803
1.06535
1.11661
0.62068
0.94137
1.24967
0.940299
0.798112
0.0129322
0.201452
0.16827
0.589329
0.911959
1.46417
0.492586
0.0244255
0.0649951
1.22989
0.652406
0.115523
0.426582
0.472358
0.00368795
1.05542
0.0855723
12628
1.46454
0.554527
0.941828
9.55928e+14
0.518293
0.17537
0.0754221
0.365319
0.245234
1.34833
0.507867
0.05529
0.120663
0.121559
0.728285
1.07035
0.619051
0.253631
0.824792
0.825007
0.847323
1.02942
0.174228
0.196434
0.0607348
1.0351
0.240807
0.164471
0.279136
0.367964
0.0291041
0.84376
0.0584169
0.948294
1.54418
1.71685
0.644531
0
0.0648178
0.0335735
1.35377
0.562373
0.124883
1.36298
0.838115
0.415846
0.458016
0.72173
0.580598
1.86301
1.00334
0.74996
0.0152163
0.214842
1.10984
0.76885
0.295438
0.190355
0.521049
0.672517
0.569196
0.0546871
0.389837
0.125618
0.752299
1.31312
0.376049
0.976368
0.233031
0.364502
0.426969
1.57012
0.360972
0.446562
1.21085
0.905992
0.364622
0.0446593
0.806489
0.00424702
0.388502
0.593684
1.11093
0.721969
1.10401
0.162518
0.0355421
0.393204
0.919228
0.646326
0.999345
0.131574
0.746363
1.10381
1.03478
0.307825
1.52997
2.23404
0.848179
0.104898
0.19932
0.221617
0.321932
0.252579
1.2097
0.591625
0.0118532
0.300639
2.02981
0.00289046
0.961927
0.715862
0.952186
0.220239
0.118516
0.799003
0.741122
0.896498
0.317563
0.88518
0.263177
0.245755
1.41812
1.28051
2.11007
0.0989418
1.74149
0.370355
0.101552
1.21869
0.788147
0.00576491
0.858154
0.439078
0.0873947
0.937371
0.871966
0.803391
0.209431
0.234527
0.276716
0.265145
0.233259
0.0554262
0.614138
0.0850718
0.14083
0.395901
0.57514
1.0236
1.88939
0.605707
1.05307
0.0673635
0.181992
0.357308
2.86223
0.535546
