0.205353,-0.187338,2.066,1.08235,-0.201596,2.184,
0.200483,-0.182895,2.017,0.220541,-0.160136,2.02,
-0.00823195,-0.524013,2.481,-0.80658,-0.319002,2.16,
0.188941,-0.380159,2.188,0.979976,-0.310858,2.202,
0.380347,-0.192284,2.047,0.929657,-0.0195789,2.12,
0.35381,-0.152795,2.01,0.959132,0.0552992,2.079,
0.578323,-0.0121885,2.039,0.992686,0.09206,1.927,
0.333191,-0.193975,2.065,-0.372176,0.0219894,0.779,
0.128912,-0.322868,2.139,-0.297587,-0.175276,2.005,
0.150112,-0.406217,2.194,0.472271,-0.143409,1.971,
0.220463,-0.421184,2.255,-0.112775,-0.358877,2.303,
-0.370906,0.0270649,0.779,0.357859,0.0673213,2.033,
0.838701,0.181214,2.126,-0.330178,0.0516342,0.767,
0.219261,-0.49971,2.403,1.09729,-0.395101,2.274,
-0.381946,0.0454468,0.768,0.558375,0.115957,2.015,
-0.34914,-0.168492,1.964,-0.721397,-0.17587,1.975,
0.419549,-0.0989131,1.98,0.380972,-0.0645585,2.015,
0.353458,-0.152643,2.008,0.830491,0.0544214,2.046,
0.573785,-0.0120929,2.023,0.173315,0.110789,2.171,
0.0418318,-0.192343,1.979,-0.654261,-0.248442,2.254,
0.331093,-0.192754,2.052,0.601083,0.0503148,2.015,
0.128731,-0.322416,2.136,-0.733561,-0.181189,2.112,
0.101626,-0.39143,2.152,0.821877,-0.189696,2.092,
0.156576,-0.644531,2.403,0.121214,-0.643995,2.401,
0.151891,-0.411031,2.22,0.974071,-0.143482,1.972,
0.727766,0.12173,2.002,-0.353616,0.0727689,0.753,
0.618735,0.0142399,2.019,0.982285,0.0471961,2.022,
0.392353,-0.110014,2.006,-0.31435,0.0714365,0.765,
0.65981,0.0673544,2.034,-0.217349,0.112703,0.766,
0.267969,-0.147702,2.03,-0.0685193,0.0993547,0.75,
0.462685,-0.10963,1.999,0.903875,0.235971,2.031,
0.149359,-0.361512,2.183,0.924942,-0.133284,2.012,
-0.342609,0.0246846,0.784,0.935472,0.0661824,2.102,
0.751759,0.159428,2.068,-0.133998,0.108514,0.79,
-0.284897,0.105538,0.787,-0.224548,0.10508,0.765,
0.108848,-0.441544,2.228,0.912376,-0.163989,2.112,
0.581755,0.0304702,2.005,-0.357286,0.109259,0.777,
0.336256,-0.19576,2.084,0.96979,0.04349,2.003,
-0.0426735,0.112637,0.451,0.163893,0.113391,0.457,
-0.0281535,0.0985962,0.454,-0.275085,0.168339,0.781,
-0.0382188,0.120468,0.442,0.0146803,0.122187,0.451,
-0.00509197,0.122706,0.774,-0.315692,0.126048,0.787,
-0.0282155,0.10993,0.455,-0.00226636,0.109163,0.458,
-0.00448684,0.116114,0.456,-0.0332614,0.11535,0.453,
-0.389957,0.0460978,0.779,0.77,0.109121,2.01,
-0.0193984,0.114135,0.457,-0.0697587,0.111258,0.47,
-0.0416593,0.118455,0.448,-0.191737,0.115604,0.454,
-0.0192711,0.113386,0.454,-0.0434088,0.108229,0.451,
-0.354938,0.0182762,0.783,0.967235,0.00438711,2.025,
-0.288187,0.0997726,0.782,-0.22402,0.0707468,0.785,
-0.6283,-0.167825,2.117,-0.554482,-0.202147,2.152,
-0.247343,0.135536,0.79,-0.0651968,0.0925158,0.754,
0.157944,-0.685699,2.424,1.16313,-0.411608,2.347,
-0.00445732,0.11535,0.453,0.159104,0.112069,0.467,
-0.253454,0.107634,0.793,0.96679,0.30875,2.031,
0.00770229,0.0636375,0.792,-0.087237,0.065121,0.764,
-0.207358,0.123933,0.766,-0.190081,0.159639,0.752,
-0.392498,-0.160918,1.989,-0.705082,-0.169935,2.059,
-0.616132,-0.164575,2.076,0.78274,-0.180675,2.106,
-0.243272,0.133306,0.777,0.948721,0.317075,2.042,
0.654557,0.156344,2.028,0.918015,0.14666,2.078,
-0.00445732,0.11535,0.453,0.166856,0.108654,0.459,
0.00755642,0.0624322,0.777,-0.276921,0.0663995,0.779,
-0.359628,-0.170259,2.023,0.171722,-0.180846,2.108,
0.651652,0.15565,2.019,-0.0594313,0.0610092,0.775,
0.114906,-0.642345,2.352,0.182835,-0.657563,2.338,
0.0726624,-0.65711,2.35,1.81571,-1.37374,4.801,
0.141146,-0.788388,2.342,0.171913,-0.888708,2.345,
-0.0185495,0.10914,0.437,0.966885,0.342615,1.997,
-0.0307726,0.119093,0.41,-0.0429586,0.120735,0.418,
0.677145,0.0721614,2.077,0.926409,0.0694406,2.097,
-0.0797849,0.118438,0.401,-0.0476149,0.118409,0.417,
-0.0912739,0.121778,0.424,-0.0798972,0.116801,0.426,
-0.112013,0.122668,0.432,0.190489,0.125191,0.446,
-0.00438844,0.113567,0.446,0.991431,0.382093,2.034,
-0.194497,0.115413,0.426,0.675722,0.124163,2.042,
0.668016,0.0711886,2.049,-0.236837,0.0290248,0.798,
-0.0708802,0.117757,0.41,-0.0799583,0.114976,0.412,
-0.199131,0.0996876,0.427,1.01082,0.440664,2.06,
-0.0803818,0.119324,0.404,-0.0864213,0.118231,0.414,
-0.38,-0.443375,2.219,1.05419,-0.458673,2.277,
-0.0185495,0.10914,0.437,-0.181168,0.0801145,0.434,
-0.071226,0.118331,0.412,0.212525,0.125022,0.448,
-0.198198,0.0992207,0.425,-0.228208,0.0953972,0.436,
-0.169035,0.105588,0.443,-0.231133,0.108722,0.45,
0.036453,-0.697375,2.494,-0.280082,-0.693705,2.525,
-0.222825,0.109689,0.454,-0.151071,0.116258,0.437,
-0.191128,0.114645,0.439,-0.11597,0.120278,0.431,
-0.393087,0.0378846,0.793,-0.280368,0.0354348,0.796,
-0.296967,0.0897739,0.762,-0.0121399,0.0958777,0.742,
0.0881317,-0.644054,2.461,0.0566474,-0.622752,2.488,
-0.251817,0.139159,0.796,1.00344,0.338513,1.992,
-0.0703616,0.116895,0.407,0.20586,0.122921,0.451,
-0.157487,0.105111,0.441,-0.137565,0.106549,0.444,
-0.382337,0.0511732,0.779,-0.269363,0.0498217,0.798,
-0.337066,0.0313866,0.792,-0.358565,0.0287702,0.791,
-0.339212,0.018533,0.794,-0.291116,0.0160066,0.797,
-0.219184,0.109726,0.47,-0.0579134,0.106731,0.433,
-0.0608775,0.111926,0.434,-0.168751,0.10605,0.448,
-0.0470317,0.114872,0.424,0.00923724,0.116258,0.437,
-0.227242,0.111863,0.463,-0.0399855,0.113696,0.43,
-0.189387,0.113601,0.435,-0.156576,0.120113,0.423,
-0.199203,0.110629,0.461,-0.164677,0.115886,0.441,
-0.295408,0.0893026,0.758,0.988756,0.354455,2.106,
-0.210481,0.108034,0.466,-0.215898,0.113636,0.455,
-0.138316,0.116769,0.402,-0.161105,0.118142,0.4,
-0.267054,0.113086,0.795,0.959768,0.260249,1.989,
-0.175295,0.111987,0.437,-0.106914,0.111323,0.44,
-0.223847,0.112061,0.48,-0.0978215,0.114841,0.451,
-0.178956,0.111785,0.469,0.0166241,0.11812,0.444,
-0.0628413,0.115536,0.448,-0.250591,0.11143,0.491,
-0.250692,0.114808,0.485,0.161734,0.122218,0.468,
-0.171312,0.115647,0.412,-0.154534,0.117095,0.39,
-0.201796,0.112069,0.467,-2.5348e-05,0.118576,0.443,
-0.164986,0.110116,0.462,-0.227042,0.114806,0.472,
-0.335364,0.0312281,0.788,0.530773,0.0403681,2.01,
-0.178103,0.113781,0.444,-0.132071,0.115859,0.455,
-0.396061,0.0381712,0.799,0.969623,0.0705285,2.03,
-0.201796,0.112069,0.467,-0.186706,0.111401,0.458,
-0.0513001,0.122757,0.425,-0.266761,0.149907,0.798,
-0.164986,0.110116,0.462,-0.159919,0.111308,0.467,
-0.39019,0.0522243,0.795,-0.1441,0.0419175,0.796,
-0.339639,0.0185563,0.795,0.364184,0.0174765,2.013,
-0.0473644,0.115684,0.427,-0.180681,0.116212,0.445,
-0.193411,0.0766412,0.451,0.87805,0.33135,2.048,
-0.280896,0.127958,0.783,-0.244857,0.122706,0.774,
-0.263359,0.111521,0.784,-0.173146,0.143906,0.753,
-0.387426,0.0662176,0.792,-0.23396,0.0681027,0.784,
-0.0625797,0.112441,0.436,-0.016811,0.113431,0.429,
-0.293879,0.0440074,0.787,-0.0561699,0.0502535,0.765,
-0.347328,0.0682764,0.786,-0.0900467,0.067232,0.746,
-0.232297,0.0688342,0.448,0.899662,0.334032,2.044,
-0.199544,0.0712726,0.445,-0.161344,0.131111,0.779,
-0.305541,0.0923658,0.784,0.921479,0.313615,2.063,
-0.371382,0.090624,0.78,-0.0341897,0.0588837,0.748,
-0.393962,0.0863098,0.787,-0.135768,0.0473058,0.778,
-0.202683,0.0723937,0.452,0.00881187,0.107855,0.776,
-0.344234,0.0676684,0.779,-0.0267847,0.0334949,0.781,
-0.193275,0.0853278,0.439,0.146694,0.093035,0.72,
-0.309669,0.0466303,0.788,-0.101025,0.0221306,0.784,
-0.360431,0.0879518,0.757,-0.14559,0.118476,0.763,
-0.379445,0.0831293,0.758,-0.189043,0.0523747,0.778,
-0.30849,0.0464528,0.785,0.870472,0.132367,2.015,
-0.191954,0.0847447,0.436,0.155553,0.118455,0.448,
-0.273191,0.124583,0.794,-0.180333,0.108595,0.432,
-0.185197,0.117995,0.393,-0.0622745,0.111335,0.429,
-0.172583,0.120249,0.392,-0.0981853,0.114989,0.427,
-0.347328,0.0682764,0.786,0.969623,0.301985,2.03,
0.101819,-0.557066,2.316,0.24607,-0.560932,2.397,
-0.334085,0.104868,0.782,-0.178809,0.0921477,0.751,
-0.274911,0.125367,0.799,-0.0289159,0.110639,0.443,
-0.265622,0.121131,0.772,0.987411,0.428605,2.019,
0.134943,-0.174299,2.071,-0.567221,-0.14214,1.793,
0.0326233,-0.198433,2.008,-0.388605,-0.205341,2.186,
-0.062943,0.119388,0.402,-0.0902655,0.117757,0.41,
-0.287887,-0.208233,2.179,0.517988,-0.188336,2.077,
0.24263,-0.159501,2.012,0.464545,-0.151503,1.993,
-0.346927,0.0273776,0.788,-0.160097,0.0301581,0.761,
-0.0708802,0.117757,0.41,-0.0275641,0.115647,0.412,
0.279822,-0.163426,2.02,0.356288,-0.158631,2.043,
-0.378085,-0.191186,2.187,0.601364,-0.173457,2.061,
-0.327303,0.0435041,0.778,0.482623,0.123311,2.028,
0.206398,-0.171942,2.043,0.581077,-0.164801,2.037,
-0.363942,0.0753712,0.767,-0.24943,0.10577,0.761,
-0.264245,0.120503,0.768,-0.0190589,0.114331,0.449,
-0.216456,0.0964093,0.431,-0.121418,0.10821,0.454,
-0.0710531,0.118044,0.411,-0.191288,0.115415,0.416,
0.175292,-0.17413,2.069,0.880013,-0.182462,2.168,
-0.345164,0.0742902,0.756,0.953904,0.10927,2.075,
0.287164,-0.167714,2.073,0.920236,-0.180582,2.188,
0.20761,-0.172952,2.055,0.124211,-0.173457,2.061,
-0.246676,0.0887651,0.764,-0.017772,0.0842339,0.725,
0.0699415,-0.521971,2.262,-0.346489,-0.440524,2.26,
-0.360504,0.0451166,0.784,0.757748,0.0758115,1.995,
-0.0632562,0.119982,0.404,-0.013556,0.115137,0.415,
-0.331089,0.0286247,0.787,0.428449,0.066957,2.022,
0.253122,-0.166398,2.099,0.956934,-0.165606,2.089,
-0.071226,0.118331,0.412,-0.214288,0.112294,0.441,
0.291043,-0.169979,2.101,0.937922,-0.177665,2.196,
-0.328565,0.0436719,0.781,0.896684,0.0254549,2.132,
0.213167,-0.177581,2.11,-0.655247,-0.179261,2.172,
-0.247968,0.0892298,0.768,-0.0337326,0.0845422,0.738,
-0.285816,0.017066,0.786,-0.113395,0.0165883,0.764,
-0.241081,0.152172,0.77,0.908973,0.388911,2.035,
-0.366789,0.0759608,0.773,-0.0805492,0.0712227,0.737,
-0.383872,0.0480355,0.79,-0.15036,0.0183929,0.788,
-0.362804,0.0454044,0.789,-0.286733,0.0349451,0.785,
-0.333193,0.0288066,0.792,-0.149025,0.0309507,0.781,
-0.350889,0.0276902,0.797,0.849847,0.0755445,2.077,
-0.369425,0.0604581,0.768,-0.382743,0.0340096,0.793,
-0.347665,0.0538488,0.781,0.668995,0.0311845,2.052,
-0.351099,0.0755677,0.769,-0.232766,0.0461569,0.78,
-0.250551,0.0901593,0.776,-0.189272,0.0876532,0.744,
-0.325791,0.0185797,0.796,0.071766,0.0533043,2.004,
0.0617929,-0.667688,2.374,0.0923665,-0.69953,2.364,
-0.362804,0.0454044,0.789,-0.145205,0.0334949,0.781,
-0.220672,0.0837728,0.431,0.297752,0.0250729,2.1,
-0.374716,0.0613241,0.779,-0.283811,0.0323466,0.784,
-0.349446,0.0541246,0.785,1.00402,0.0264446,1.949,
-0.356578,0.0767469,0.781,-0.326824,0.0452317,0.786,
-0.367263,0.076059,0.774,-0.110535,0.0690894,0.753,
0.0890365,-0.517752,2.378,0.108239,-0.524615,2.374,
-0.369812,-0.411586,2.223,0.348781,-0.392733,2.14,
-0.238263,0.13304,0.761,-0.106132,0.114662,0.431,
-0.250138,0.119248,0.487,-0.102152,0.114224,0.432,
-0.26446,0.108818,0.765,0.176774,0.100489,0.723,
-0.252242,0.150591,0.762,-0.000767862,0.118082,0.455,
0.0924354,-0.546242,2.271,-0.433755,-0.549755,2.333,
-0.238889,0.134632,0.763,-0.252242,0.151832,0.762,
-0.2801,-0.194351,2.069,-0.413218,-0.196699,2.094,
0.100192,-0.633545,2.279,0.193357,-0.518019,2.327,
-0.274956,-0.190781,2.031,-0.666675,-0.171185,2.034,
0.109334,-0.744745,2.398,1.84655,-1.55873,4.586,
0.380498,-0.203913,2.03,0.972967,-0.26525,2.124,
0.59989,0.0305614,2.011,-0.246742,0.0217918,0.772,
0.192395,-0.45969,2.228,-0.589834,-0.456945,2.364,
0.196017,0.121103,0.447,0.709504,0.416059,1.86,
-0.357286,0.0181362,0.777,0.99328,0.0507143,2.031,
0.750713,0.0851312,1.985,0.497979,0.116635,1.971,
0.59447,0.126971,1.982,-0.257401,0.0455652,0.77,
-0.302844,-0.210132,2.237,-0.1706,-0.202406,2.273,
0.113742,-0.215304,2.253,-0.276143,-0.354887,2.143,
-0.355111,-0.205655,2.268,-0.633828,-0.180246,2.101,
-0.388214,0.0318928,0.773,-0.371642,0.0305148,0.77,
-0.358205,0.0181829,0.779,0.113027,0.0422358,2.103,
0.687227,0.135829,1.97,0.917574,0.319126,2.077,
-0.381846,0.0219612,0.778,-0.365024,0.0207472,0.78,
-0.381036,-0.151177,1.947,-0.211402,-0.166419,2.057,
-0.313932,-0.181807,2.005,0.897525,-0.186553,2.134,
-0.390223,0.0320578,0.777,0.464509,0.07198,1.979,
0.240508,-0.389066,2.139,-0.685536,-0.392607,2.102,
-0.62976,-0.139074,2.001,-0.340613,-0.147959,1.989,
-0.293005,-0.313862,2.303,0.507697,-0.351153,2.163,
0.0375955,-0.300307,2.103,-0.410417,-0.31076,2.227,
0.0610974,-0.121283,1.877,0.199688,-0.123268,2.009,
-0.086329,0.00790825,0.767,0.207881,0.0142823,2.025,
0.240739,-0.408254,2.205,0.124034,-0.444531,2.38,
0.462784,0.153041,2.028,0.462784,0.153041,2.028,
0.459251,0.0935357,2.027,0.266525,0.0980118,2.124,
0.217651,-0.430241,2.264,-0.0609404,-0.423989,2.331,
0.366836,0.119927,2.084,-0.387668,0.0333871,0.75,
-0.239818,0.131974,0.762,0.867343,0.347099,2.103,
0.320642,-0.174914,2.162,1.00288,-0.156612,2.017,
0.107601,-0.78676,2.36,2.29826,-1.26625,4.779,
0.235148,-0.588335,2.446,0.523957,0.0207141,2.009,
0.120768,-0.735515,2.472,1.75053,-1.55915,4.794,
0.441854,0.0571048,2.023,0.548244,-0.00218456,2.002,
0.428756,0.131907,2.008,-0.221387,0.0583344,0.726,
0.272351,-0.172411,2.089,0.183341,-0.203274,2.164,
0.0554294,-0.214358,2.004,-0.106785,0.0726204,0.704,
-0.127283,0.131004,0.716,-0.211092,0.129875,0.757,
-0.345484,0.0281766,0.711,0.18371,0.0385336,2.088,
-0.117285,0.144189,0.712,0.790631,0.369482,1.917,
-0.369006,0.0267905,0.705,1.00998,0.0239386,2.005,
-0.223265,0.0932007,0.695,-0.252622,0.0723109,0.701,
-0.37581,0.0272845,0.718,-0.11238,0.00830986,0.696,
-0.125328,0.128992,0.705,-0.255359,0.130746,0.696,
-0.368543,0.0421922,0.713,0.321891,0.102708,2.079,
-0.20661,0.0904507,0.7,-0.0661393,0.0664119,0.699,
-0.37738,0.0273985,0.721,0.98642,0.0238431,1.997,
-0.311534,-0.00765924,0.705,0.71577,-0.107348,2.081,
-0.334792,0.0199853,0.708,-0.306066,0.000377962,0.703,
-0.345484,0.0281766,0.711,-0.376446,0.0122156,0.726,
-0.370094,0.0423697,0.716,-0.157027,0.034977,0.708,
-0.213694,0.0935519,0.724,-0.307598,0.0672343,0.72,
0.249099,-0.331998,2.248,0.49208,-0.303592,2.126,
-0.29563,-0.0110255,0.7,0.935568,-0.0927082,2.057,
-0.299008,-0.0111515,0.708,0.685054,-0.0923927,2.05,
0.194797,-0.997275,2.544,1.60436,-1.87422,4.801,
-0.0841387,-1.47141,4.288,1.15645,-1.39111,4.054,
0.106113,-0.39041,2.247,-0.554747,-0.396137,2.238,
0.230728,-0.902081,2.36,1.1497,-1.69561,4.436,
0.891503,-1.40414,4.798,2.3289,-1.34707,4.762,
0.0841316,-0.811308,2.247,-0.051218,-0.86231,2.41,
0.468499,0.10511,1.996,0.996017,0.0900749,1.952,
0.396271,-0.344123,2.078,-0.220185,-0.339242,2.177,
-0.203543,0.137689,0.795,-0.0983469,0.131361,0.773,
0.403865,-0.227171,2.031,0.166769,-0.237061,2.089,
0.458421,-0.201397,2.038,0.36144,-0.205791,2.016,
-0.238205,0.0624322,0.777,0.869339,0.149147,2.02,
0.205217,-0.927545,2.29,1.60501,-1.88513,4.711,
0.480658,0.0200026,1.94,0.838204,0.0078373,2.065,
-0.218138,0.116548,0.801,-0.135185,0.110774,0.797,
0.531827,-0.206123,2.052,0.0959502,-0.194085,1.964,
0.0678679,-0.365659,2.085,-0.366183,-0.405518,2.291,
0.415937,-0.314905,2.109,-0.215889,-0.400676,2.243,
0.175211,-0.859398,2.338,1.88596,-1.50188,4.761,
0.183464,-0.794858,2.396,1.84589,-1.30959,4.603,
0.39856,-0.346111,2.09,0.164577,-0.46624,2.296,
0.516605,-0.0424713,2.058,0.746765,-0.0917618,2.036,
0.510466,-0.191008,2.145,0.0486743,-0.145198,1.87,
0.452392,-0.259669,2.135,0.604387,-0.185487,2.083,
0.423949,-0.238468,2.132,0.808707,-0.233861,2.255,
-0.237286,0.0621912,0.774,0.804984,0.157963,2.049,
0.212117,-0.958733,2.367,0,0,0,
0.45308,-0.00568484,2.09,0.807704,0.0409505,2.039,
0.517823,0.0215492,2.09,0.720724,0.0714708,1.965,
0.0671193,-0.361626,2.062,0.703099,-0.132524,2.104,
-0.285936,-0.374702,2.219,0.0822859,-0.338469,2.106,
0.408048,-0.308932,2.069,-0.640714,-0.363499,2.195,
0.17158,0.0527827,0.731,-0.299271,0.0433394,0.823,
0.518613,-0.0426364,2.066,0.918827,-0.12265,2.111,
0.491666,-0.183973,2.066,1.01578,-0.164654,2.077,
0.436289,-0.250425,2.059,0.780233,-0.21657,2.156,
0.416393,-0.234217,2.094,0.308481,-0.208936,2.08,
-0.254147,0.0666104,0.829,-0.373841,0.0693544,0.846,
0.213551,-0.965213,2.383,1.14479,-0.251308,2.28,
-0.267371,-0.40607,2.049,1.00796,-0.431456,2.351,
0.0667287,-0.359521,2.05,0.949765,-0.0981044,2.03,
0.104365,-0.383981,2.21,-0.101911,0.0195017,0.781,
0.216084,-0.936181,2.822,-0.522348,-0.362219,2.209,
0.50417,-0.266597,2.163,-0.475877,-0.320449,2.194,
0.432499,-0.243277,2.175,0.187916,-0.230023,2.218,
-0.249242,0.0653248,0.813,-0.0510433,0.0666552,0.782,
0.197381,-1.18255,3.107,-0.908707,-0.399922,2.16,
-0.287466,-0.43659,2.203,-0.254909,-0.389588,2.201,
-0.0642009,0.000423124,0.787,0.915365,-0.0292604,2.072,
0.104601,-0.38485,2.215,0.02847,0.0133766,0.795,
0.185302,-0.850121,2.42,0.236939,-0.388673,2.237,
0.51699,-0.273376,2.218,0.393994,-0.320707,2.102,
0.455783,-0.261615,2.151,0.570944,-0.28588,2.231,
0.421762,-0.237237,2.121,-0.916274,-0.270541,2.195,
0.166293,-0.38916,2.219,1.03759,0.00439144,2.027,
0.0709928,-0.382495,2.181,0.528803,-0.121604,2.093,
-0.286967,-0.376053,2.227,0.339407,-0.355368,2.125,
-0.0636298,0.00041936,0.78,1.03287,-0.0413775,2.005,
0.335688,-1.45437,4.384,-0.517559,-0.363143,2.13,
-0.248016,0.0650034,0.809,-0.10911,0.0709271,0.787,
0.212655,-0.961163,2.373,-0.603665,-0.263958,2.23,
0.285304,-1.23608,3.726,-0.729135,-0.387198,2.293,
0.169936,0.0522773,0.724,0.700681,0.0996944,2.018,
-0.242191,0.0634768,0.79,-0.358746,0.0756038,0.824,
-0.296339,-0.450066,2.271,0.353332,-0.421089,2.235,
-0.302603,-0.459579,2.319,-0.599935,-0.414205,2.257,
0.0686817,-0.370044,2.11,0.95722,-0.113023,2.191,
-0.236672,0.0620305,0.772,0.15194,0.0673461,0.734,
-0.302342,-0.459182,2.317,1.03418,-0.411359,2.282,
0.0861534,-0.830806,2.301,1.05202,-0.541991,2.417,
-0.337848,-0.000846763,0.776,0.61605,-0.182531,2.088,
-0.235446,0.0617091,0.768,-0.0937097,0.0665391,0.766,
-0.389818,0.0145608,0.789,0.940825,0.0315492,2.076,
-0.284856,-0.432626,2.183,-0.493987,-0.399252,2.195,
-0.188211,0.1183,0.405,-0.0854823,0.115415,0.416,
0.0611273,-0.78715,2.21,2.00393,-1.73791,4.728,
0.818314,0.148851,2.016,0.903612,0.149368,2.023,
-0.316845,0.100944,0.762,-0.140101,0.102856,0.767,
0.0933309,-0.839122,2.293,0.18612,-0.83607,2.38,
-0.189605,0.119176,0.408,-0.0989481,0.115729,0.394,
-0.207565,0.117847,0.408,0.226908,0.119451,0.449,
-0.211402,0.115097,0.438,-0.065878,0.108543,0.408,
-0.301878,0.083897,0.765,0.893503,0.215798,2.092,
0.0886621,-0.854997,2.368,0.111486,-0.474548,2.282,
-0.194707,0.116075,0.439,-0.157766,0.107256,0.45,
0.752864,0.0861176,2.008,-0.231052,0.0419175,0.796,
-0.336205,0.0195017,0.781,0.728345,0.0681823,2.059,
0.835362,0.151953,2.058,-0.277276,0.0588618,0.78,
-0.305035,0.0847744,0.773,0.867584,0.221368,2.146,
-0.196037,0.116868,0.442,0.00930065,0.109889,0.44,
0.00788076,-0.856159,2.46,0.270209,-0.842667,2.591,
-0.172846,0.117634,0.424,-0.00359562,0.0929811,0.438,
-0.330609,0.019177,0.768,0.825431,0.061206,2.05,
-0.197811,0.117926,0.446,-0.0159511,0.107996,0.444,
-0.17896,0.121796,0.439,-0.228424,0.0894655,0.449,
-0.223063,0.0940626,0.45,-0.0609208,0.110188,0.45,
-0.20567,0.113391,0.457,-0.0139035,0.108239,0.448,
-0.333622,0.0193518,0.775,-0.342467,0.0143025,0.775,
-0.160006,0.114504,0.444,-0.16797,0.110593,0.464,
-0.187113,0.0596128,0.45,-0.0534728,0.108474,0.443,
-0.200472,0.119513,0.452,-0.191421,0.108326,0.464,
-0.207319,0.10342,0.459,0.961698,0.303147,1.973,
0.0624273,-0.80389,2.257,1.30599,-1.01546,2.851,
0.0553361,-0.855832,2.268,0.129291,-0.837361,2.268,
0.086116,-0.830445,2.3,-0.339666,-0.446474,2.147,
-0.0855863,0.115086,0.41,-0.210312,0.109401,0.459,
-0.0296468,0.114735,0.395,-0.243874,0.110103,0.783,
-0.0849601,0.114244,0.407,-0.0204315,0.111638,0.447,
0.0633124,-0.815288,2.289,0.0782402,-0.815288,2.289,
-0.212354,0.10267,0.446,-0.194596,0.0945502,0.442,
-0.0855863,0.115086,0.41,-0.138185,0.11502,0.446,
-0.0997297,0.11896,0.405,-0.159204,0.11215,0.452,
-0.212831,0.102901,0.447,-0.177379,0.10221,0.444,
-0.0849601,0.114244,0.407,-0.0290479,0.110139,0.414,
-0.0380327,0.110808,0.409,-0.201443,0.121394,0.435,
-0.263962,0.0857614,0.782,-0.00503276,0.0851431,0.765,
-0.351714,0.0934261,0.793,-0.0291436,0.0926872,0.776,
-0.24558,0.103432,0.753,0.0256015,0.101662,0.749,
-0.0373817,0.108911,0.402,0.199823,0.126033,0.449,
-0.259237,0.084226,0.768,-0.0369715,0.0852599,0.755,
-0.293188,0.0862561,0.775,-0.0147164,0.082252,0.75,
-0.343287,0.0911876,0.774,1.00822,0.23984,2.008,
-0.278569,0.079738,0.773,0.135997,0.0756362,0.745,
-0.0377537,0.109995,0.406,0.218389,0.123624,0.428,
-0.0515272,0.109064,0.405,-0.0413142,0.118733,0.402,
-0.347722,0.0923658,0.784,-0.181841,0.101872,0.769,
-0.29281,0.0861448,0.774,0.953861,0.25479,1.997,
-0.27965,0.0800475,0.776,-0.109122,0.0755677,0.769,
-0.0372888,0.10864,0.401,-0.0787364,0.116547,0.399,
-0.345505,0.0917767,0.779,-0.26975,0.0949198,0.784,
-0.28037,0.0802538,0.778,-0.092823,0.0818306,0.769,
-0.227923,0.109388,0.482,-0.192491,0.108801,0.476,
-0.139671,0.118113,0.379,-0.0353274,0.121704,0.401,
0.108946,-0.690179,2.307,1.57686,-1.09018,3.664,
-0.0458627,0.120831,0.396,0.201848,0.124743,0.447,
-0.201352,0.125308,0.807,1.01404,0.297923,1.981,
-0.0619372,0.12024,0.376,0.198869,0.133427,0.442,
-0.129818,0.1327,0.804,-0.0622612,0.154523,0.795,
-0.031298,0.121126,0.417,0.183947,0.115859,0.455,
-0.210816,0.117412,0.798,-0.0270591,0.13922,0.789,
-0.199605,0.124221,0.8,-0.100352,0.129272,0.799,
-0.318274,-0.357274,2.269,0.0246528,-0.31709,2.171,
0.0146636,0.12531,0.429,-0.0487359,0.11872,0.433,
-0.392607,-0.383483,2.271,0.578952,-0.328906,2.179,
0.0658142,-0.49289,2.247,-4.05616e+34,-3.88168e+31,-9.32111e+27,
-0.238192,0.0832453,0.807,-0.13242,0.080814,0.796,
-0.187752,0.142689,0.794,-0.120588,0.145459,0.795,
-0.212401,0.118294,0.804,0.0751318,0.148048,0.795,
-0.306071,-0.343575,2.182,0.579598,-0.309365,2.142,
-0.369787,-0.361193,2.139,0.582575,-0.331995,2.153,
-0.679348,-0.293312,2.289,0.933817,-0.0810494,2.017,
-0.232584,0.0812854,0.788,-0.0775191,0.0765504,0.779,
-0.203598,0.126706,0.816,0.9756,0.322729,2.015,
-0.318274,-0.357274,2.269,0.017857,-0.325795,2.206,
-0.148503,0.148752,0.813,-0.0208625,0.143408,0.798,
0.19285,-0.31782,2.152,0.57101,-0.311978,2.136,
-0.28217,0.076946,0.824,0.815912,0.19638,2.103,
-0.00733609,-0.36975,2.211,0.927013,-0.383463,2.293,
0.367527,-0.0698168,1.978,0.693763,-0.129501,2.056,
0.452515,0.110885,1.983,0.405815,0.123368,1.976,
0.19751,-0.3255,2.204,-0.395004,-0.324539,2.222,
-0.00739582,-0.37276,2.229,-0.670337,-0.3779,2.175,
-0.232868,0.166006,0.84,-0.370318,0.159542,0.814,
0.18819,-0.310141,2.1,-0.103911,-0.36951,2.448,
-0.264705,0.0721835,0.773,0.85444,0.18971,2.105,
-0.147955,0.148203,0.81,-0.195027,0.126849,0.792,
-0.420176,-0.313585,2.147,0.576081,-0.328295,2.129,
-0.102669,-0.911844,2.62,1.25941,-1.3898,3.902,
0.0642528,-0.857668,2.323,2.0586,-1.66512,4.51,
-0.230003,-0.407073,2.238,-0.0571496,-0.394054,2.186,
-0.371252,-0.40558,2.21,-0.774148,-0.383791,2.11,
-0.21935,-0.407619,2.241,1.08988,-0.417325,2.274,
-0.364357,-0.413623,2.234,-0.297726,-0.412142,2.226,
0.114393,-0.413553,2.195,1.00029,-0.435286,2.351,
0.11283,-0.407901,2.165,-0.539033,-0.394595,2.189,
0.0954004,-0.444188,2.17,-0.463473,-0.398626,2.153,
0.361023,0.0421873,1.943,0.0897731,0.0809236,2.042,
0.337171,-0.267065,2.111,0.901812,-0.207032,2.204,
0.417521,-0.0386439,2.033,0.25724,-0.00557604,2.05,
0.279541,0.0376847,2.042,0.531178,0.166129,1.987,
-0.395545,0.0131242,0.78,0.19448,0.0147689,2.094,
-0.0783182,-0.403625,2.18,0.170064,-0.346099,2.221,
-0.22595,-0.369957,2.234,0.239791,-0.238522,2.164,
0.365111,0.042665,1.965,0.232114,0.066938,2.126,
0.368888,-0.0188309,2.039,-0.377602,0.0196015,0.785,
0.35381,-0.149521,2.01,0.419769,-0.159501,2.012,
0.334199,-0.228478,2.136,0.554236,-0.16472,2.036,
0.345448,-0.0752541,2.038,1.01483,-0.0294017,2.082,
0.332646,-0.175098,2.041,0.571799,-0.0974278,2.016,
-0.566366,-0.377141,2.3,-0.0297116,-0.305398,2.268,
0.209126,-0.0494623,2.07,-0.404227,0.00683257,0.787,
0.113038,-0.408654,2.169,-0.0909402,-0.397996,2.228,
-0.223624,-0.366149,2.211,-0.140931,-0.299079,2.334,
0.386004,0.144918,2.007,-0.35831,0.0513703,0.782,
0.228422,-0.0540262,2.261,0.663126,-0.0121586,2.034,
-0.0329232,-0.399246,2.235,0.0747025,-0.2673,2.086,
-0.0801864,-0.413253,2.232,-0.338708,-0.25875,2.186,
-0.228074,-0.373435,2.255,-0.284776,-0.365983,2.21,
0.389266,0.0454876,2.095,0.566978,0.0173549,1.999,
0.396967,0.0817955,2.064,0.975834,0.0945971,2.05,
0.400236,0.150261,2.081,0.217725,0.0882551,2.227,
-0.217368,0.17055,0.849,-0.41378,0.161605,0.798,
-0.0797193,-0.410846,2.219,0.964985,-0.263393,2.137,
-0.133841,0.169948,0.846,0.00129787,0.161698,0.825,
0.285975,0.038552,2.089,1.00131,0.0750515,1.975,
0.209429,-0.049534,2.073,0.570022,-0.0721816,2.045,
0.403313,0.0831032,2.097,0.255631,0.0486576,2.241,
0.4316,0.0996082,2.085,0.891027,-0.196678,2.169,
0.384435,0.044923,2.069,0.399944,-0.180258,2.062,
-0.0346614,-0.420325,2.353,0.903921,-0.0764525,2.166,
-0.200444,0.146283,0.814,-0.113521,0.148979,0.8,
0.4109,0.0948309,1.985,0.144092,-0.176471,2.057,
-0.078426,-0.40418,2.183,-0.201995,-0.294122,2.211,
0.161572,-0.111217,2.156,-0.464757,-0.280819,2.111,
0.109546,-0.159789,2.102,-0.0233689,-0.532572,2.375,
0.401584,0.0926811,1.94,0.370564,-0.100512,2.012,
0.216703,-0.0512544,2.145,0.428329,-0.0315958,2.006,
0.411988,0.345871,2.055,0.870152,0.305407,2.053,
-0.0761627,-0.392516,2.12,0.0364204,-0.132801,1.867,
-0.201666,0.152214,0.847,-0.0994595,0.13551,0.813,
-0.091585,0.11773,0.39,0.219628,0.132326,0.436,
-0.0922917,0.117743,0.432,-0.0972463,0.117624,0.429,
-0.19679,0.166976,0.838,-0.0562661,0.15289,0.821,
-0.00397356,0.163926,0.803,-0.135581,0.167703,0.815,
-0.191666,0.144666,0.805,-0.256683,0.134419,0.791,
0.498149,-0.185131,2.079,0.364532,-0.201639,2.11,
0.429404,-0.00214528,1.966,0.760619,-0.00867161,1.994,
-0.229085,-0.375091,2.265,-0.258514,-0.397052,2.264,
-0.080869,-0.416771,2.251,0.739207,-0.200926,2.139,
0.436612,-0.00218129,1.999,0.941688,-0.0817325,2.034,
0.352365,-0.268966,2.099,0.15408,-0.402283,2.252,
-0.216852,-0.376774,2.253,0.212219,-0.82875,2.285,
-0.213772,-0.371422,2.221,0.0606736,-0.784685,2.331,
0.104856,-0.152947,2.012,-0.0320434,-0.628176,2.446,
-0.197684,0.13662,0.836,0.17653,0.115638,0.722,
0.342178,-0.287367,2.187,-0.129036,-0.307866,2.259,
0.660213,0.0789276,2.077,0.950521,0.170107,2.075,
0.477812,-0.141109,2.079,1.04141,-0.144254,2.028,
-0.234197,0.066895,0.816,0.158784,0.0568944,0.738,
-0.0744582,0.127603,0.397,-0.0626555,0.124719,0.392,
0.179676,0.0764915,0.73,0.924157,0.155003,2.054,
0.52522,-0.077765,2.106,0.542552,-0.10201,2.042,
-0.266371,0.0636015,0.825,0.958111,0.151731,2.055,
-0.071226,0.118331,0.412,-0.0792866,0.11766,0.412,
-0.393692,-0.38095,2.256,0.0316443,-0.36911,2.165,
-0.0878053,0.117375,0.411,0.203305,0.126199,0.447,
0.295734,-0.301597,2.213,-0.437636,-0.333032,2.255,
0.675471,0.0807516,2.125,-0.179159,0.0852052,0.826,
0.474824,-0.140226,2.066,1.06851,-0.207505,2.135,
-0.075771,0.129853,0.404,0.19804,0.132776,0.397,
0.52946,-0.0783928,2.123,0.925915,-0.145274,2.193,
0.147797,0.083568,0.762,-0.115022,0.104621,0.82,
0.517976,0.0475462,2.037,0.877691,-0.0660204,2.171,
-0.386537,-0.374027,2.215,-0.651885,-0.368991,2.104,
0.660531,0.0789656,2.078,-0.122293,0.0867255,0.815,
-0.232475,0.0664031,0.81,-0.311889,0.0759708,0.828,
0.18263,0.0777489,0.742,0.0128674,0.0778279,0.792,
0.756301,0.1724,2.062,0.0231096,0.0672519,0.789,
0.706931,0.133747,2.036,-0.0210716,0.0568854,0.806,
0.146245,0.0826907,0.754,-0.103691,0.103983,0.815,
-0.264434,0.0631389,0.819,0.161151,0.0723824,0.749,
0.0376312,-0.341737,2.105,0.421611,-0.35854,2.103,
0.656399,0.0784716,2.065,0.796097,0.223997,2.105,
-0.23391,0.066813,0.815,-0.338155,0.0800933,0.843,
-0.265726,0.0634473,0.823,0.856803,0.209183,2.094,
0.0368983,-0.335081,2.064,1.07933,-0.387611,2.252,
0.0359268,-0.847456,2.458,1.96443,-1.34677,4.141,
0.082171,-0.805344,2.404,1.76618,-1.58419,4.752,
-0.188676,0.118592,0.406,-0.0249288,0.118078,0.402,
-0.210919,0.114835,0.437,-0.144152,0.116868,0.442,
-0.192559,0.111785,0.439,-0.122088,0.113525,0.443,
-0.216754,0.11872,0.433,-0.104852,0.115979,0.423,
-0.157483,0.112699,0.437,-0.210215,0.111323,0.44,
-0.206317,0.115361,0.811,-0.115649,0.0867255,0.815,
-0.190777,0.114989,0.427,-0.100024,0.114601,0.423,
0.143978,-0.843123,2.389,1.66546,-1.57645,4.752,
0.689571,0.0787044,1.986,0.86011,0.0813595,2.053,
0.465844,-0.191165,2.071,-0.833033,-0.203257,2.202,
-0.214667,0.0688845,0.793,-0.417928,0.0581982,0.806,
0.810166,0.178742,2.097,0.939294,0.173542,2.036,
0.15638,-0.948644,2.4,0.147007,-0.91942,2.375,
0.166453,0.090798,0.74,0.173692,0.0895926,0.74,
-0.315409,0.0639589,0.796,-0.417482,0.049738,0.818,
-0.0688748,0.117757,0.41,-0.094403,0.116114,0.402,
0.563154,0.0856458,1.997,0.89197,0.0848686,2.057,
0.0891954,-0.342062,2.107,1.22166,-0.405562,2.449,
0.666136,0.0472194,2.023,0.681048,0.0466592,1.999,
-0.391828,0.0682747,0.801,0.883971,0.231952,2.054,
0.14205,-0.881738,2.357,0.330655,-0.790646,2.984,
-0.174489,0.117331,0.418,-0.0506473,0.118231,0.414,
0.718692,0.108795,2.004,-0.389266,0.0440827,0.812,
-0.0792866,0.115647,0.412,0.200713,0.117044,0.451,
0.114803,-0.921064,2.274,1.64326,-1.74444,4.603,
0.140784,-0.824418,2.336,2.1291,-1.4253,4.339,
0.701029,0.0800121,2.019,-0.0181002,0.0339238,0.791,
0.485863,-0.19938,2.16,-0.488995,-0.236806,2.478,
0.813643,0.179509,2.106,0.927016,0.177548,2.083,
-0.272411,0.0812854,0.788,-0.115694,0.0445666,0.797,
0.167803,0.0915342,0.746,0.858031,0.240224,2.097,
-0.195245,0.0941924,0.437,-0.175295,0.0984632,0.437,
-0.323016,0.00565648,0.802,-0.419002,-0.358044,2.141,
0.640441,0.02791,2.057,0.682601,0.0213739,2.073,
-0.309168,0.00955157,0.8,0.576337,0.0507393,2.032,
0.687869,0.0487599,2.089,0.803599,0.047943,2.054,
0.610669,0.00108872,2.025,0.46022,-0.0122303,2.046,
-0.158925,0.113731,0.441,-0.154215,0.110165,0.444,
0.69964,0.0798536,2.015,-0.362794,0.0338732,0.821,
0.812097,0.179168,2.102,0.946215,0.174821,2.051,
-0.272411,0.0812854,0.788,-0.0253481,0.0446563,0.776,
-0.16532,0.106293,0.437,-0.16109,0.109196,0.443,
-0.276691,-0.346882,2.203,1.06134,-0.360809,2.245,
-0.0690428,0.118044,0.411,0.218098,0.125792,0.443,
0.575562,0.0875329,2.041,0.925394,0.0657101,2.087,
-0.334525,-0.361054,2.159,0.283281,-0.376357,2.146,
-0.210919,0.114835,0.437,0.19543,0.126764,0.449,
0.709726,0.107438,1.979,-0.0899591,0.0427075,0.811,
-0.0783244,0.114244,0.407,-0.231019,0.119206,0.44,
0.693737,0.0791799,1.998,0.539098,0.0771035,2.029,
-0.310084,0.0303626,0.799,0.477189,-0.0153576,2.019,
0.168477,0.0919023,0.749,-0.170406,0.0954289,0.81,
-0.167212,0.107509,0.442,-0.217656,0.108949,0.442,
-0.206117,0.149298,0.854,0.9818,0.300647,2.021,
-0.21384,0.172211,0.886,0.977484,0.431269,1.928,
-0.0792866,0.115647,0.412,-0.172256,0.103909,0.442,
-0.107809,0.100123,0.816,0.925869,0.290608,2.043,
-0.00450769,0.119276,0.393,-0.0588532,0.116494,0.388,
-0.0591883,0.114928,0.432,-0.0668924,0.110858,0.441,
-0.0455153,0.120556,0.393,-0.025859,0.120447,0.417,
-0.0303973,0.11764,0.405,-0.16241,0.120749,0.4,
-0.00271046,0.11766,0.412,0.214469,0.12279,0.44,
-0.0274134,0.122703,0.4,-0.100487,0.114735,0.395,
-0.0621643,0.116848,0.385,-0.066971,0.120342,0.419,
-0.0432885,0.113864,0.428,-0.0402134,0.0992207,0.425,
-0.07202,0.123424,0.384,-0.00649536,0.127603,0.397,
-0.0220932,0.102888,0.423,-0.195957,0.104869,0.437,
-0.00458798,0.1214,0.4,-0.18905,0.123086,0.431,
-0.063779,0.119883,0.395,-0.0159614,0.109604,0.425,
0.000692195,0.109889,0.44,-0.207817,0.108703,0.441,
-0.0734527,0.113056,0.804,-0.132275,0.0841406,0.803,
-0.0600104,0.116524,0.438,-0.0890642,0.0957012,0.444,
-0.0323069,0.0977058,0.44,-0.190693,0.102969,0.438,
-0.0574072,0.11147,0.419,1.03355,0.45389,2,
-0.189605,0.119176,0.408,-0.0138896,0.11896,0.405,
-0.0327836,0.128564,0.394,-0.152477,0.119654,0.388,
-0.00458798,0.1214,0.4,-0.0879833,0.115813,0.415,
-0.211631,0.114135,0.457,-0.212376,0.112646,0.457,
-0.0306225,0.118512,0.408,0.0164103,0.121997,0.42,
-0.137434,0.116497,0.43,-0.0233615,0.114745,0.421,
-0.110198,0.119988,0.425,0.0136712,0.119261,0.42,
-0.341793,0.0315848,0.797,0.802426,0.0679174,2.051,
-0.161834,0.115692,0.417,-0.00479444,0.113927,0.418,
-0.174184,0.117624,0.429,-0.0780241,0.115364,0.431,
-0.170383,0.11896,0.405,-0.109679,0.120113,0.423,
-0.00445034,0.117758,0.388,-0.0247428,0.122396,0.399,
-0.0138553,0.118666,0.404,0.201856,0.135877,0.436,
-0.168043,0.120131,0.433,0.197171,0.116088,0.453,
-0.218138,0.0956733,0.801,-0.168416,0.105947,0.457,
-0.213332,0.116149,0.442,0.166718,0.112069,0.467,
-0.196037,0.116868,0.442,-0.139823,0.108793,0.466,
-0.199585,0.118984,0.45,-0.224054,0.105524,0.452,
-0.173472,0.111731,0.436,-0.141092,0.108709,0.453,
-0.0591883,0.114928,0.432,-0.182123,0.117951,0.438,
-0.17586,0.113269,0.442,-0.132813,0.115118,0.455,
-0.0568591,0.110405,0.415,-0.158852,0.109698,0.451,
-0.176257,0.113525,0.443,-0.186281,0.10605,0.448,
-0.177181,0.107749,0.449,-0.191394,0.0965634,0.448,
-0.0571331,0.110937,0.417,-0.0494164,0.111081,0.415,
-0.025797,0.105928,0.416,-0.00338218,0.111621,0.412,
-0.176257,0.113525,0.443,-0.203534,0.109943,0.449,
-0.177181,0.107749,0.449,-0.02851,0.100508,0.416,
-0.211402,0.115097,0.438,-0.0516205,0.0979606,0.411,
-0.171224,0.119547,0.407,-0.141723,0.119654,0.388,
-0.173074,0.107224,0.435,-0.180618,0.112556,0.431,
-0.164266,0.112565,0.418,-0.045146,0.116232,0.407,
-0.161,0.115746,0.403,-0.018329,0.12105,0.401,
-0.224375,0.101825,0.819,-0.0906625,0.0922506,0.794,
-0.206074,0.111138,0.445,-0.200361,0.105349,0.442,
-0.187281,0.117716,0.403,-0.195509,0.115282,0.436,
-0.193519,0.117198,0.43,0.184011,0.12009,0.457,
-0.1687,0.117785,0.401,-0.0200283,0.113473,0.409,
-0.150769,0.119388,0.402,-0.108489,0.116961,0.396,
-0.170554,0.116874,0.434,-0.036699,0.110808,0.409,
-0.311348,0.024842,0.789,-0.297787,0.0159464,0.794,
-0.326267,0.0249994,0.794,-0.0905483,0.017218,0.793,
-0.172583,0.120249,0.392,-0.0763246,0.119636,0.39,
-0.170161,0.116605,0.433,-0.211412,0.109421,0.441,
-0.316478,0.0252513,0.802,-0.30547,0.0213855,0.804,
-0.22054,0.100085,0.805,0.82853,0.248798,2.083,
-0.0401188,0.116253,0.424,-0.0809701,0.116652,0.428,
-0.247969,0.0713777,0.792,-0.0360802,0.112602,0.85,
-0.121976,0.118794,0.4,0.208013,0.12924,0.44,
-0.121577,0.113121,0.403,0.178527,0.124015,0.447,
-0.0957159,0.113671,0.438,-0.114087,0.113473,0.44,
-0.334503,0.0258291,0.78,1.01727,-0.0441089,1.981,
-0.318833,0.0283337,0.779,0.901943,0.00111829,2.08,
-0.0393929,0.122346,0.503,-0.103187,0.118268,0.483,
-0.373718,0.0516425,0.749,-0.909977,-0.383959,2.13,
-0.210924,0.0677728,0.752,-0.0243028,0.119161,0.744,
-0.293784,0.0226014,0.757,0.958355,0.0280864,2.07,
-0.236384,0.0680431,0.755,0.0117788,0.0759675,0.725,
-0.373718,0.0516425,0.749,0.373787,-0.365564,2.104,
0.137665,-0.337684,2.167,0.398177,-0.311027,2.106,
0.221754,-0.324171,2.195,-0.0765816,-0.33342,2.233,
0.350183,-0.212936,2.086,0.678238,-0.164099,2.07,
-0.409113,0.0145608,0.789,0.634719,0.0275165,2.028,
0.741255,0.123433,2.03,-0.169743,0.048136,0.771,
0.344997,-0.290856,2.16,0.969292,-0.287235,2.186,
-0.471506,-0.295851,2.224,0.776795,-0.31969,2.291,
0.137475,-0.337216,2.164,0.721749,-0.300507,2.259,
0.783323,0.129341,2.019,-0.209674,0.0515017,0.784,
0.267153,-0.279746,2.129,0.552006,-0.199103,2.157,
-0.521733,-0.376774,2.253,0.990146,-0.296691,2.177,
0.405551,-0.215465,2.145,0.509269,-0.154516,1.99,
0.361911,-0.265497,2.243,0.339727,-0.199799,2.127,
0.357066,-0.217121,2.127,1.032,-0.160849,2.029,
0.839667,0.176497,2.111,0.0276106,0.0644618,0.771,
-0.766564,-0.299849,2.282,0.266116,-0.293937,2.237,
0.394018,-0.209338,2.084,0.150743,-0.231799,2.103,
0.0866964,-0.345796,2.13,-0.0623521,-0.406618,2.385,
0.217006,-0.31723,2.148,-0.318284,-0.364141,2.243,
-0.260336,0.0761573,0.775,-0.0456497,0.0636978,0.777,
0.788366,0.130174,2.032,0.00247956,0.049584,0.774,
0.418403,-0.175645,2.087,0.355958,-0.229264,2.08,
-0.192563,0.156711,0.82,-0.162883,0.167086,0.812,
-0.52127,-0.376439,2.251,0.0305773,-0.312367,2.092,
0.388724,-0.206525,2.056,0.375498,-0.213326,2.057,
0.0862079,-0.343848,2.118,-0.604066,-0.368122,2.245,
0.221249,-0.323432,2.19,0.257189,-0.34872,2.192,
0.34565,-0.21018,2.059,0.870818,-0.230403,2.154,
0.312432,-0.254963,2.154,1.00065,-0.302666,2.169,
0.84086,0.176747,2.114,-0.0684524,0.0649634,0.777,
0.489765,-0.15396,2.116,0.01238,0.0637093,0.762,
-0.107728,0.0667128,0.768,0.913094,0.399422,2.09,
0.782159,0.129149,2.016,0.953087,0.129598,2.023,
0.478997,-0.109354,2.055,-0.194425,-0.202909,2.02,
-0.366198,0.00812477,0.788,1.01095,-0.0120749,2.02,
-0.515944,-0.372593,2.228,-0.77383,-0.324466,2.197,
0.0858823,-0.342549,2.11,-0.0573849,-0.352773,2.195,
0.354883,-0.215794,2.114,-0.337937,-0.237639,2.328,
0.473332,-0.148794,2.045,0.985386,0.175844,2.063,
0.779055,0.128637,2.008,-0.195863,0.0515673,0.785,
0.422212,-0.177244,2.106,-0.380518,-0.228277,2.31,
0.738699,0.123007,2.023,1.02121,-0.135407,1.995,
-0.365733,0.00811446,0.787,0.574801,-0.00548084,2.015,
0.397232,-0.211045,2.101,0.994717,-0.2325,2.141,
0.085516,-0.341088,2.101,-0.258849,-0.368579,2.204,
-0.121239,-0.424104,2.251,0.0703125,-0.491404,2.274,
-0.164612,0.115788,0.814,-0.166238,0.138796,0.809,
0.356562,-0.216815,2.124,0.239587,-0.24564,2.262,
-0.274109,0.0801863,0.816,-0.357933,0.0650838,0.81,
0.836087,0.175744,2.102,0.868168,0.175995,2.105,
0.796902,0.131583,2.054,-0.0894065,0.051436,0.783,
0.418604,-0.175729,2.088,-0.719587,-0.239602,2.24,
0.747827,0.124527,2.048,0.920133,-0.140041,2.114,
0.483892,-0.110472,2.076,0.886507,-0.230055,2.184,
-0.501818,-0.362392,2.167,-0.513121,-0.317443,2.126,
-0.456241,-0.286273,2.152,-0.215839,-0.320331,2.169,
-0.740026,-0.289469,2.203,0.517575,-0.301711,2.089,
-0.105959,0.104937,0.802,-0.0579381,0.0779874,0.807,
-0.119408,-0.417698,2.217,0.0261063,-0.500551,2.299,
0.348336,-0.211813,2.075,0.59102,-0.235783,2.108,
-0.277132,0.0810707,0.825,-0.334032,0.0457657,0.843,
0.821768,0.172734,2.066,0.95141,0.171814,2.055,
0.481664,-0.151413,2.081,0.994323,0.201091,2.013,
0.780995,0.128957,2.013,-0.0236704,0.0528812,0.805,
0.739794,0.12319,2.026,0.421811,-0.153087,2.104,
-0.0819091,0.0925992,0.797,-0.323037,0.136391,0.843,
-0.193268,0.157284,0.823,1.01525,0.409481,2.022,
-0.106091,0.105068,0.803,-0.21637,0.0945743,0.814,
0.354044,-0.215284,2.109,0.032932,-0.22012,2.027,
-0.276796,0.0809724,0.824,-0.222495,0.0430234,0.817,
0.475183,-0.149376,2.053,-0.292917,0.0836567,0.824,
0.759656,0.125434,1.958,0.0270713,0.0520272,0.792,
-0.704419,-0.275541,2.097,0.0788897,-0.287151,2.107,
-0.107809,0.106769,0.816,0.193161,0.0856504,0.727,
-0.119516,-0.418075,2.219,-0.548177,-0.52667,2.401,
-0.0820119,0.0927153,0.798,-0.293048,0.138676,0.832,
-0.28576,0.0557432,0.772,-0.246437,0.0597468,0.775,
-0.272112,0.0617894,0.769,0.773108,0.173152,2.071,
-0.327399,-0.0498158,0.752,-0.019137,0.0325858,0.732,
-0.276136,0.0538658,0.746,0.8981,-0.129552,2.169,
-0.301678,0.0745227,0.746,-0.319987,-0.0349771,0.749,
-0.303667,0.050953,0.739,0.81025,0.0584597,2.071,
-0.289127,0.0307375,0.745,-0.425713,-0.224514,2.31,
-0.259976,0.0270971,0.745,-0.354425,-0.0342529,0.76,
-0.280535,0.00405725,0.748,0.510756,-0.152348,2.048,
-0.282059,0.0550211,0.762,0.514643,-0.149595,2.011,
-0.301678,0.0745227,0.746,0.352105,-0.180022,2.139,
-0.310652,0.0521251,0.756,-0.352959,0.0101626,0.749,
-0.267342,0.15229,0.777,0.0105676,0.0910674,0.723,
-0.265152,0.0953602,0.767,0.00349495,0.0734027,0.723,
-0.270697,0.061468,0.765,-0.332303,-0.00694498,0.752,
-0.28502,0.0555988,0.77,1.01198,-0.17851,2.042,
-0.21981,0.0824384,0.812,1.00685,0.22208,2.025,
-0.334485,0.0561241,0.814,0.208733,0.0182318,2.1,
-0.284851,0.064682,0.805,0.305812,-0.0190433,2.062,
-0.292423,0.0570429,0.79,0.925416,-0.0255107,2.042,
-0.335367,0.102713,0.785,0.962195,0.0854462,2.071,
-0.280363,0.100831,0.811,-0.141726,0.0840652,0.79,
-0.27533,0.0286974,0.789,0.667628,0.0146631,2.079,
-0.301913,0.00436643,0.805,0.475501,-0.038777,2.04,
-0.208506,0.118774,0.606,-0.252547,0.0945558,0.622,
-0.310241,0.0520561,0.755,0.233083,0.0558082,2.235,
-0.298829,0.031769,0.77,0.145666,0.0153825,2.181,
-0.266955,0.0278245,0.765,0.0342346,0.0135064,1.915,
-0.270697,0.061468,0.765,-0.301089,0.0190522,0.763,
-0.276876,0.0540102,0.748,0.936499,-0.0329031,2.089,
-0.26645,0.0605038,0.753,0.556712,0.0436203,2.009,
-0.0207418,-0.211748,2.108,1.02997,-0.222868,2.149,
0.0410457,-0.570954,2.296,1.12469,-0.548969,2.379,
0.855455,0.176915,2.116,1.0296,0.167634,2.005,
-0.0501666,0.0564319,0.732,0.664351,0.157886,2.048,
0.683049,0.100979,2.044,0.972546,0.0966314,1.956,
0.850604,0.175911,2.104,0.850604,0.175911,2.104,
0.686725,0.101522,2.055,-0.34671,0.0384777,0.754,
0.990162,0.36916,2.073,1.01898,0.355626,1.997,
-0.163208,0.0693372,0.614,0.97104,0.191805,2.054,
-0.380568,-0.235293,2.381,-0.648944,-0.224719,2.274,
0.846965,0.175159,2.095,0.977958,0.174156,2.083,
-0.0513317,0.0577424,0.749,-0.11359,0.0595922,0.757,
-0.137024,0.0340088,0.737,0.613061,0.080131,2.022,
-0.120729,0.0956174,0.597,0.969805,0.378973,1.983,
0.0300494,-0.458588,2.314,0.157955,-0.584261,2.365,
-0.427806,-0.448516,2.301,0.0642831,-0.381539,2.079,
0.0241961,-0.748381,2.488,0.152275,-0.687734,2.337,
0.0406346,-0.565235,2.273,1.87513,-1.61107,4.695,
-0.162794,0.0625639,0.734,-0.331734,0.0735042,0.724,
-0.34988,-0.216319,2.189,0.963949,-0.194854,2.039,
-0.324146,-0.200409,2.028,-0.163072,-0.194287,1.999,
0.0242933,-0.751389,2.498,0.18423,-0.692364,2.406,
-0.367567,0.00296034,0.78,0.325032,0.00772344,2.035,
-0.327656,-0.0162621,0.788,0.313906,-0.0422855,2.049,
-0.384451,0.00791856,0.768,0.0307387,0.0225895,1.892,
-0.333061,-0.0165304,0.801,0.482623,-0.0451554,2.028,
-0.316873,-0.0270353,0.803,0.452515,-0.0699932,1.983,
-0.384951,0.00792887,0.769,-0.311788,0.0104612,0.771,
-0.37494,0.0211426,0.749,0.969105,0.061415,2.057,
-0.385952,0.00794949,0.771,0.220986,0.0183967,2.119,
-0.378444,0.0213402,0.756,0.497754,0.0599819,2.009,
-0.381447,0.0215096,0.762,0.979227,0.0554111,1.963,
0.083154,-0.634152,2.322,0.107966,-0.635144,2.368,
-0.384694,-0.407712,2.164,1.06961,-0.41237,2.247,
-0.356904,0.00666762,0.768,-0.34313,0.0091695,0.768,
0.677389,0.107269,2.037,-0.346855,0.0423298,0.757,
-0.3566,0.0190272,0.762,0.408669,0.0537831,2.022,
0.181951,-0.163941,2.068,0.261218,-0.152869,2.055,
0.137745,-0.177918,2.114,0.815481,-0.184192,2.147,
0.611574,0.0605492,2.028,0.396609,0.056766,2.011,
0.681712,0.107953,2.05,0.0148647,0.0401271,0.762,
0.66069,0.0711191,2.047,0.158593,0.070459,2.028,
0.925228,0.285031,2.027,0.853842,0.287703,2.046,
0.137028,-0.176992,2.103,1.07459,-0.168766,2.086,
0.388889,-0.104305,2.022,0.199489,-0.100262,2.007,
0.713042,0.110967,2.044,-0.021247,0.0427772,0.765,
-0.36248,0.0067718,0.78,-0.366295,0.00804229,0.78,
-0.356436,-0.207965,2.253,0.794347,-0.19546,2.195,
0.0416204,-0.18175,1.969,-0.241358,-0.182182,2.084,
-0.382129,0.0244327,0.776,0.909162,0.0655212,2.081,
0.570486,0.0702853,2.023,0.474721,0.0745988,2.051,
-0.36362,0.0194018,0.777,0.77664,0.0508391,2.036,
0.187757,-0.169173,2.134,0.65632,-0.160245,2.108,
0.727344,0.113193,2.085,-0.367849,0.0429874,0.747,
-0.413848,-0.438611,2.328,-0.568103,-0.391387,2.191,
0.267527,-0.155988,2.052,1.05526,-0.145249,2.042,
0.755757,0.129799,2.079,-0.306556,0.0493995,0.752,
-0.371788,0.0237715,0.755,0.743935,0.0683809,2.065,
-0.356594,-0.343898,2.254,0.263734,-0.322989,2.187,
0.68803,0.108954,2.069,-0.251,0.0426094,0.762,
-0.356132,0.0190023,0.761,0.892982,0.0562568,2.115,
-0.016484,-0.191891,2.008,-0.95651,-0.169244,1.936,
0.693506,0.107927,1.988,-0.101911,0.0423998,0.781,
0.72086,0.123805,1.983,0.707927,0.123805,1.983,
0.0407326,-0.177873,1.927,0.241584,-0.193411,2.059,
0.927054,0.285593,2.031,0.758869,0.290937,2.069,
-0.016681,-0.194185,2.032,0.571948,-0.165478,2.005,
0.705716,0.109827,2.023,-0.203705,0.0418266,0.748,
-0.399804,-0.423727,2.249,1.06435,-0.430811,2.267,
-0.319416,-0.186365,2.019,0.173082,-0.195666,2.083,
0.26831,-0.156444,2.058,0.244822,-0.14974,2.058,
0.0416204,-0.18175,1.969,-0.0231693,-0.176587,2.02,
-0.377698,0.0241493,0.767,0.851725,0.0580645,2.057,
-0.369312,-0.374871,2.22,0.282885,-0.358378,2.143,
0.08169,-0.168912,2.007,0.197174,-0.165934,2.051,
-0.346944,-0.334591,2.193,-0.773506,-0.330472,2.166,
0.217026,-0.16911,2.049,0.68936,-0.164337,2.073,
-0.352856,0.0188275,0.754,-0.349168,0.0188275,0.754,
-0.358472,0.0191271,0.766,0.69672,0.041071,2.045,
0.13579,-0.188971,2.084,0.239433,-0.200588,2.099,
0.165901,-0.430051,2.263,0.0805645,-0.436396,2.357,
0.110701,-0.987395,2.428,193.243,12625.6,1.77598e-10,
-0.372487,0.00674576,0.777,0.182039,0.00785248,2.069,
0.00970657,-0.159184,2.008,0.161819,-0.150786,2.027,
0.0945717,-0.359041,2.234,-0.846836,-0.330916,2.146,
0.105549,-0.941441,2.315,9.55928e+14,8.10383e-33,1.02336e-34,
0.0613766,-0.189693,1.985,0.57965,-0.194185,2.032,
0.0859288,-0.409965,2.295,0.0503141,-0.238249,1.933,
0.0882641,-0.335094,2.085,0.0674732,-0.262594,1.974,
0.144521,-0.201121,2.218,0.509786,-0.207425,2.099,
0.134822,-0.495836,2.587,0.0662001,-0.260398,2.141,
-0.314211,-0.223985,2.094,1.03369,-0.257922,2.179,
0.284073,-0.17761,2.152,0.527609,-0.183439,2.023,
0.0847681,-0.404427,2.264,0.538396,-0.176062,2.014,
0.841163,0.172567,2.064,0.785885,0.173737,2.078,
0.192709,-0.181189,2.112,0.311789,-0.200673,2.174,
0.821601,0.168554,2.016,0.943148,0.166798,1.995,
-0.411529,-0.184527,2.035,0.957762,-0.285921,2.176,
0.0969,-0.36788,2.289,0.798348,-0.171998,2.084,
0.850944,0.174574,2.088,-0.213377,0.0611175,0.731,
0.123722,-0.455011,2.374,-0.143462,0.103413,0.727,
0.19942,-0.592803,2.448,0.100853,-0.359108,2.212,
0.130687,-0.579181,2.36,0.9128,-0.3173,2.222,
0.195902,-0.184192,2.147,1.01246,-0.301969,2.164,
0.0936404,-0.355505,2.212,-0.753658,-0.349086,2.288,
0.871728,0.178838,2.139,-0.151195,0.063412,0.73,
0.795306,0.0733258,2.016,0.943191,0.165441,2.059,
0.818746,0.0378323,2.05,0.623456,0.058996,2.09,
-0.14306,0.0599268,0.731,-0.203759,0.0578603,0.735,
-0.1898,0.0719318,0.732,0.834563,0.220659,1.954,
0.702536,0.0791176,2.082,0.942062,0.054315,2.042,
0.798068,0.0735804,2.023,0.935404,0.164075,2.042,
0.985126,0.128886,1.962,0.706248,0.1409,2.093,
0.191681,-0.569798,2.353,0.473936,-0.333727,2.364,
-0.141494,0.059271,0.723,-0.169697,0.0520861,0.738,
0.190948,-0.567619,2.344,0.987463,-0.28924,2.148,
-0.124883,0.0638974,0.709,-0.18306,0.0586151,0.715,
0.785706,-0.236089,2.051,-0.162584,-0.238967,2.076,
0.982768,-0.358565,2.301,-0.561238,-0.335191,2.151,
1.04494,-0.360334,2.265,-0.671823,-0.343152,2.157,
1.85321,-1.52236,4.017,2.43187,-1.80622,4.766,
1.91801,-1.09842,3.883,1.91801,-1.09842,3.883,
0.215931,0.124349,0.443,0.151447,0.117779,0.451,
0.741005,-0.115329,1.985,0.70757,-0.118383,1.982,
1.00412,-0.366357,2.351,-0.348005,-0.433044,2.54,
0.721493,-0.0812101,2.021,0.846053,-0.0901831,2.076,
1.69489,-1.63084,4.621,0.411911,-1.17076,3.83,
0.961722,0.343551,1.947,-0.201001,0.115709,0.576,
1.05167,-0.456606,2.304,0.238228,-0.254723,2.182,
0.713017,-0.12425,2.025,0.32702,-0.278957,2.205,
1.71454,-1.10417,3.881,1.26654,-1.0089,4.111,
0.987039,-0.360123,2.311,1.28643,-1.01683,4.089,
1.48625,-1.28843,3.233,2.01052,-1.5379,4.111,
0.802651,-0.203811,2.208,-1.05754,-0.306157,2.42,
1.07933,-0.420624,2.252,0.0760991,-0.434977,2.125,
1.02557,-0.407934,2.263,0.276026,-0.382991,2.144,
0.192373,0.123287,0.447,0.206949,0.127656,0.447,
0.743984,-0.0837416,2.084,0.955913,-0.0484826,2.029,
0.98642,0.352373,1.997,-0.100807,0.129485,0.547,
0.735199,-0.128115,2.088,0.0209382,-0.412654,2.153,
1.04448,-0.360175,2.264,0.921923,-0.0913561,2.027,
0.7932,-0.201411,2.182,0.976411,-0.253071,2.109,
1.02557,-0.353652,2.223,0.684969,-0.104958,2.101,
0.135073,-0.204856,2.073,0.656122,-0.204601,2.141,
0.0433651,-0.429691,2.223,-0.629088,-0.438982,2.31,
-0.399604,0.0232284,0.778,-0.344917,0.0230493,0.772,
0.676891,0.0991016,2.006,-0.01505,0.0416397,0.767,
0.575657,0.0635376,2.018,0.9653,0.0758355,2.085,
0.525906,0.0709454,2.042,0.651139,0.0807651,2.038,
0.0386443,-0.382914,1.981,-0.713509,-0.368139,1.971,
-0.400631,0.0232881,0.78,-0.0245968,0.020029,0.753,
-0.141903,0.0707055,0.584,0.97631,0.260787,2.044,
-0.351403,0.0168923,0.778,0.624491,0.0473128,2.027,
-0.39755,0.023109,0.774,-0.164518,0.0231687,0.776,
-0.375667,0.00942023,0.789,-0.0111806,0.0127709,0.759,
-0.362187,-0.393711,2.266,0.0638502,-0.365515,2.065,
-0.629663,-0.150086,2.11,0.940443,-0.142688,2.053,
-0.398577,0.0231687,0.776,-0.0376081,0.0216789,0.768,
-0.354195,-0.385024,2.216,0.0923669,-0.385576,2.101,
-0.176664,0.078424,0.592,1.01679,0.282922,2.012,
-0.322024,-0.192507,2.123,0.583537,-0.164559,2.034,
-0.350952,0.0168706,0.777,0.0136402,0.0215378,0.763,
-0.304277,-0.181898,2.006,-0.260846,-0.171495,1.999,
-0.403713,0.0234673,0.786,0.402075,0.0570765,2.022,
-0.35592,0.0171094,0.788,-0.354247,0.0210132,0.79,
-0.396009,0.0230194,0.771,-0.00750758,0.0240234,0.763,
-0.357072,-0.388151,2.234,0.236515,-0.398889,2.233,
-0.176365,0.0782915,0.591,0.913651,0.292848,2.107,
-0.634139,-0.151153,2.125,0.0875749,-0.131959,1.992,
-0.350048,0.0168271,0.775,0.753239,0.0567096,2.009,
-0.359789,-0.391105,2.251,-0.52127,-0.372773,2.251,
-0.305642,-0.182714,2.015,-0.340006,-0.17364,2.024,
-0.357072,-0.388151,2.234,0.0298318,-0.318049,2.041,
-0.307462,-0.183802,2.027,0.611625,-0.167714,2.073,
0.130171,-0.20097,2.103,-0.515897,-0.182714,2.015,
0.0795509,-0.204516,2.036,1.0789,-0.204201,2.101,
0.6636,0.0687783,2.077,0.532042,0.0708759,2.04,
-0.591383,-0.144111,2.026,0.154917,-0.134457,1.981,
0.0290701,-0.778378,2.56,0.924216,-1.42421,4.61,
-0.313833,-0.18761,2.069,0.72082,-0.171338,2.076,
-0.360908,-0.392321,2.258,-0.0555711,-0.353267,2.267,
0.0658847,-0.728136,2.382,1.56206,-1.04793,3.41,
0.112488,-0.724256,2.382,2.244,-1.3933,4.558,
0.0127865,-0.201912,1.978,0.860771,-0.220086,2.191,
-0.394513,0.0246531,0.783,-0.289621,0.025796,0.779,
-0.378475,-0.417141,2.253,0.286246,-0.389611,2.142,
-0.367235,0.0233479,0.782,-0.16792,0.0247475,0.786,
-0.354048,-0.370959,2.285,-0.132484,-0.366089,2.255,
-0.30034,-0.18761,2.069,-0.621657,-0.16772,1.955,
-0.358018,-0.39319,2.263,-0.106043,-0.410651,2.32,
-0.0454465,-0.624035,2.526,1.03385,-1.17039,4.769,
0.00965823,-0.210462,1.998,0.601037,-0.227505,2.095,
-0.39029,-0.437272,2.301,-0.394042,-0.448516,2.301,
-0.399349,-0.55186,2.31,1.53392,-1.17042,4.801,
-0.385329,0.017218,0.793,-0.387915,0.0159263,0.793,
0.0098951,-0.215624,2.047,0.971781,-0.22452,2.099,
-0.377739,-0.423209,2.227,0.337998,-0.409779,2.138,
-0.368038,0.023318,0.781,0.583537,0.0574153,2.034,
-0.333727,-0.215956,2.299,-0.113494,-0.214349,2.243,
-0.345681,-0.376728,2.231,-0.464022,-0.370303,2.172,
-0.393516,0.0231687,0.776,0.404771,0.0569919,2.019,
-0.351557,0.0221306,0.784,0.388889,0.0537831,2.022,
-0.379498,0.0169574,0.781,0.516676,0.041071,2.045,
-0.351057,-0.385545,2.219,-0.0344257,-0.409854,2.337,
-0.334598,-0.20901,2.305,0.550487,-0.196057,2.124,
-0.371084,-0.419789,2.209,-0.108689,-0.440061,2.296,
-0.388391,-0.534438,2.268,-0.145459,-0.571588,2.409,
-0.374686,-0.419789,2.209,1.04311,-0.45027,2.31,
-0.332276,-0.215016,2.289,0.94817,-0.202386,2.048,
-0.245195,-0.729121,2.464,1.79668,-1.26127,4.239,
0.0381497,-0.77746,2.134,0.112072,-0.843224,2.294,
0.0745795,-0.721591,2.412,1.72701,-1.27139,4.204,
-0.282083,-0.825292,2.789,0.0745795,-0.72552,2.412,
-0.352504,-0.408781,2.375,-0.451974,-0.388325,2.235,
-0.204766,0.0923763,0.743,0.990346,0.330927,2.025,
0.00681397,-0.241373,2.127,-0.779567,-0.294098,2.355,
0.211742,0.117779,0.451,0.206316,0.115831,0.452,
0.193234,0.120913,0.449,-0.0144706,0.122184,0.443,
-0.253836,0.138816,0.752,0.126738,-0.0801653,1.995,
-0.323996,-0.207603,2.136,0.936199,-0.227421,2.159,
-0.117431,0.092025,0.75,-0.0503781,0.0359736,0.753,
0.632219,0.0481531,2.063,-0.304643,0.0172614,0.795,
0.219481,-0.232174,2.138,-0.583555,-0.25602,2.105,
-0.21992,0.0909207,0.741,-0.0193723,0.151269,0.741,
-0.0892853,0.11931,0.375,0.145189,0.124286,0.379,
-0.0823578,0.119982,0.404,0.194263,0.127235,0.443,
0.669064,0.054315,2.042,0.407978,0.100534,2.035,
-0.0395205,0.112374,0.425,0.193665,0.118251,0.45,
0.867023,0.178587,2.136,0.921847,0.170435,2.079,
0.689706,0.0559908,2.105,0.07748,0.104425,1.983,
-0.419267,-0.198691,2.316,-0.335926,-0.215763,2.423,
-0.0692502,0.0423858,0.758,-0.182193,0.12651,0.798,
0.0633124,-0.658695,2.289,-0.211381,-0.373596,2.234,
-0.306401,-0.196328,2.02,0.26857,-0.210282,2.06,
-0.188624,0.0578053,0.766,-0.00892362,0.113202,0.778,
0.676927,0.0549534,2.066,-0.346624,0.0444836,0.773,
0.0629528,-0.692026,2.276,1.75261,-1.53752,4.057,
-0.322024,-0.206339,2.123,0.283677,-0.208866,2.149,
0.856876,0.176497,2.111,-0.190362,0.0658442,0.758,
-0.189609,0.0581072,0.77,-0.23084,0.111379,0.757,
0.670702,0.054448,2.047,0.841777,0.116532,2.025,
-0.40587,-0.192342,2.242,-0.763177,-0.191186,2.187,
-0.35617,-0.424303,2.141,2.38846,-1.23631,4.666,
-0.412475,-0.606364,2.504,0.118892,-0.539595,2.355,
