0.0159475
0.000551586
0.0149864
0.0144375
0.0104695
0.011638
0.0134125
0.00820572
0.00755924
0.00616387
0.020957
0.0132705
0.0160771
0.0171447
0.00676965
0.0004967
0.00500034
0.00402787
0.0067149
0.00349314
0.00840174
0.00738389
0.00719201
0.000340053
0.00831363
0.0104086
0.00351001
0.00827298
0.00701563
0.00844548
0.00401391
0.00538881
0.00777371
0.0122957
0.00853095
0.000580291
0.00817418
0.0241626
0.0173642
0.003624
0.00450161
0.000928544
0.00544943
0.00259604
0.00287847
0.116167
0.000854956
0.00254415
0.00117536
0.0629641
0.00335365
0.00387655
0.00891226
0.0473584
0.00743611
0.0562139
0.00431595
0.00180301
0.0142143
0.0635893
0.0548216
0.0119835
0.00745407
0.0231068
0.0311893
0.00409488
0.110859
0.00807166
0.0779011
0.000945865
0.0191753
0.00247461
0.00978248
0.000955201
0.0232702
0.0145266
0.0122572
0.0127582
0.000133726
0.0177053
8.64443e-05
0.020201
0.00569615
0.00978724
0.00104318
0.00345432
0.0243505
0.00554266
0.00579761
0.0086727
0.0219148
0.00292412
0.0977681
0.0212529
0.00153642
0.00869089
0.00166592
0.00370482
0.00230426
0.00134606
0.000804085
0.00267523
0.000477867
0.000498917
0.0187322
0.000111328
0.000326155
0.0176517
0.000976926
0.00434678
0.00674767
0.00647569
0.0142239
0.0005807
0.00696121
0.00424205
0.00214598
0.00158892
0.0525411
0.000580944
0.00835249
0.000200201
0.00947327
0.0270702
0.00555489
0.0458883
0.00182097
0.00684642
0.0127898
0.00381495
0.0198159
0.0912052
0.0214403
0.0203967
0.00124549
0.0959083
0.0260525
0.0200864
0.016496
0.0245603
0.0261582
0.0161598
0.00904161
0.0492537
0.0218211
0.00785205
0.0102586
0.00621527
0.0208989
0.00225472
0.00243433
0.0123218
0.0758945
0.041347
0.0247814
0.00161007
0.0474188
0.0130623
0.0109912
0.0169147
0.00450681
0.0576241
0.0478734
0.00696933
0.00322716
0.0147192
0.00126009
0.00158242
0.00927329
0.0170992
0.00109738
0.00301249
0.00558317
0.0329022
0.0014687
0.0207004
0.00421145
0.00739905
0.0190272
0.0360407
0.0255416
0.00630254
0.00507124
0.00841997
0.00811672
0.00264782
0.00635104
0.0414376
0.00102112
0.0350659
0.00420459
0.00211481
0.0137611
0.00176576
0.00871698
0.0208695
0.00381649
0.0541499
0.00173368
0.0102729
0.00185386
0.0653491
0.0023404
0.00259773
0.00774234
0.0149157
0.0309531
0.00128086
0.00783168
0.00873007
0.0301699
0.147574
0.0523464
0.0458181
0.0597757
0.0601719
0.10392
0.0195915
0.0658271
0.0014244
0.00445288
0.00300939
0.00980877
0.00507361
0.00316534
0.00183137
0.0327423
0.023126
0.0250284
0.00348616
0.00781847
0.0308296
0.0298756
0.00231007
0.00565921
0.00230592
0
0.00232878
0.00338207
0.0164634
0.0133237
0.0119733
0.0339776
0.010213
0.0276676
0.00184539
0.00991352
0.00142742
0.00499473
0.00126995
0.00801964
0.0141735
0.0430936
0.00112597
0.0114831
0.00565405
0.030134
0.00619623
0.0619911
0.046915
0.0015809
0.00158336
0.00969066
0.00443281
0.0203863
0.102825
0.0759546
0.1277
0.0956294
0.0129585
0.0238071
0.0282065
0.00283608
0.0103477
0.0120878
0.00206639
0.00465299
0.00190354
0.021783
0.0332548
0.00701475
0.00163046
0.00854985
0.00854661
0.00885585
0.0253808
0.0241707
0.00365304
0.00326915
0.00644526
0.00234904
0.00534425
0.0145369
0.0136377
0.00496774
0.00290211
0.0093887
0.00513889
0.0269277
0.0120755
0.010465
0.0134479
0.00886172
0.00284188
0.00306989
0.0300873
0.0327072
0.0236133
0.0146179
0.0301697
0.0316621
0.00790137
0.00639364
0.0437087
0.00184441
0.0316134
0.0139806
0.0160113
0.00454445
0.00405828
0.0461535
0.0329674
0.01817
0.0216109
0.0378377
0.0577169
0.00579299
0.0447305
0.0881838
0.0444049
0.00976537
0.0541931
0.0214839
0.0660689
0.029896
0.102875
0.0775476
0.0746959
0.0101299
0.0950536
0.0162905
0.00856409
0.180248
0.00710832
0.0147295
0.00127176
0.00595173
0.0019955
0.0164745
0.0112098
0.00111703
0.0289679
0.031343
0.032839
0.034722
0.00821826
0.010507
0.00684144
0.0462721
0.00867292
0.0028139
0.00775915
0.00913505
0.000484986
0.000422508
0.00677583
0.000685237
0.0564741
0.0630717
0.00381131
0.035834
0.0104046
0.0178565
0.00403632
0.000932991
0.00102773
0.00276834
0.00315068
0.00253272
0.00400447
0.0116967
0.018495
0.0230408
0.0193705
0.00403087
0.00376725
0.00472035
0.0230451
0.00702688
0.0135003
0.000740197
0.00874493
0.0786266
0.0106617
0.00234417
0.00421218
0.0104197
0.00295307
0.00196991
0.0287064
0.00467436
0.0231621
0.00492716
0.000999925
0.00303253
0.00260629
0.00139974
0.00486301
0.000897762
0.0137055
5.71291e+32
0.00271282
0.00172361
0.007412
0.0227264
0.024431
0.0417198
0.00775688
0.059769
0.0168801
0.00851684
0.0343823
0.00239813
0.0849499
0.00581844
0.00084807
0.010395
0.0116309
0.00764456
0.0165596
0.0625166
0.00287159
0.0553536
0.0902189
0.1793
0.08498
0.0336237
0.0238048
0.00121178
0.0164104
0.0125384
0.0107832
0.00526927
0.00530535
0.0109197
0.00543314
0.0113467
0.00490302
0.00636752
0.00177886
0.00983525
0.00087776
0.00301431
0.00882827
0.00712406
0.00810435
0.00618959
0.00322645
0.0227324
0.0188548
0.0132338
0.00912642
0.0028595
0.00899622
0.0289504
0.00963781
0.052753
0.00615413
0.0325577
0.0164229
0.00722125
0.0260324
0.0141072
0.0624745
0.00579768
0.0253676
0.0110317
0.0341519
0.02083
0.0102983
0.0111862
0.0219023
0.0134794
0.00863018
0.0441851
0.0259629
0.000413001
0.00201755
0.00188088
0.003291
0.00673165
0.016564
0.00159649
0.0368698
0.0222306
0.0103885
0.0270959
0.0354351
0.0449595
0.0340728
0.0428782
0.0276627
0.0512369
0.0357371
0.00110454
0.0680554
0.00270936
0.0646279
0.111605
0.000735321
0.0386819
0.0264768
0.0104863
0.0122092
0.00853549
0.00391181
0.00574366
0.00887744
0.00538881
0.00379136
0.0223675
0.00228538
0.00485035
0.0211627
0.0209157
0.00716689
0.0121624
0.0109813
0.0084052
0.00437866
0.0434899
0.1811
0.168672
0.0148861
0.00607258
0.00640847
0.010176
0.00479544
0.00864382
0.00825031
0.153544
0.0155055
0.118085
0.0185038
0.0117485
0.00279005
0.000667146
0.00936903
0.00232555
0.0298924
0.103113
0.00135653
0.116932
0.00227664
0.00134614
0.0120635
0.00304351
0.018871
0.0225775
0.00783265
0.0106041
0.00123251
0.00174958
0.00767458
0.000221755
0.000463728
0.00963546
0.00125797
0.00397466
0.000155458
0.027985
0.00353125
0.00657274
0.000200805
0.000135013
0.0352132
0.00755909
0.00922399
0.016263
0.016261
0.032092
0.00618613
0.031544
0.0135561
0.00201859
0.0479008
0.0487666
0.00374831
0.0202131
0.00104647
0.000167564
0.00037801
0.0025394
0.00417769
0.00141359
0.00011428
0.000237501
0.00104219
0.00275992
0.0029281
0.000776345
0.00330972
0.00284981
0.00274964
0.0121902
0.0219891
0.00337915
0.00230816
0.00160735
3.20153e-05
0.00455642
0.00219396
0.00327488
0.0220153
0.00184975
0.000831702
0.000285148
0.00296435
0.00212335
0.00500324
0.000695513
0.0111786
0.00283958
0.00174541
0.00232292
0.00878373
0.00307758
0.0063747
0.000781521
0.00113045
0.000454005
0.00136037
0.00161829
0.0087557
0.0146089
0.00268196
0.00083981
0.00268801
0.0108342
0.012979
0.0121868
0.000129099
0.000136184
0.00599271
0.00236086
0.00067221
0.00212686
0.0037436
0.00152794
0.00161045
0.000448743
0.0407522
0.00314256
0.0166047
0.0253964
0.0231001
0.00141326
0.0211498
0.0190794
0.000998822
0.0287869
0.0138262
0.0894394
0.017735
0.0611466
0.00523745
0.00596958
0.0066334
0.0208782
0.0182821
0.0124861
0.0193599
0.0249706
0.00824544
0.0125814
0.0140288
0.0213239
0.00523045
0.0294467
0.0356412
0.0448999
0.00939652
0.020667
0.00827106
0.0303849
0.00316563
0.0192385
0.00120927
0.0213675
0.000594886
0.027628
0.00175781
0.0210223
0.0275949
0.00182187
0.0366463
0.0209867
0.0429469
0.0194023
0.0271956
0.055092
0.0104936
0.00531969
0.0256728
0.0224552
0.0362207
0.0297908
0.0141805
0.0348382
0.0249113
0.0143942
0.0084596
0.000961052
0.00501977
0.00354892
0.00133675
0.0370802
0.0474992
0.0131554
0.0175
0.00193115
0.0101168
0.0524025
0.00229444
0.00669795
0.00975457
0.00267852
0.00518584
0.0248862
0.0323301
0.0168495
0.00980287
0.00443107
0.0133812
0.00276029
0.0334447
0.0306772
0.0326414
0.0125713
0.0232738
0.0113675
0.00282332
0.0750812
0.00559799
0.0208504
0.00194772
0.0195428
0.00507891
0.0141509
0.037389
0.0318903
0.00270853
0.0129351
0.0122519
0.00418472
0.0658978
0.0881847
0.0388956
0.0426119
0.0813756
0.0865118
0.00930977
0.0519073
0.00359006
0.031961
0.0261646
0.017737
0.00306943
0.0810989
0.054889
0.0955243
0.098533
0.0158537
0.0263209
0
0.0172559
0.00053061
0.0518564
0.0122084
0.00595439
0.00283118
0.0341592
0.0512157
0.00853877
0.0236489
0.00787288
0.117315
0.00940524
0.0821253
0.010746
0.0142067
0.0128262
0.0118905
0.0346207
0.0680155
0.0642156
0.00610062
0.112054
0.0466945
0.0674653
0.0907398
0.00225743
0.0234744
0.13221
0.119977
0.0933
0.00727605
0.0104272
0.00330765
0.00405938
0.0103121
0.00109902
0.0426183
0.00861105
0.0662041
0.000182777
0.000363206
0.0128627
0.0180463
0.0043574
0.0213022
0.0477148
0.00701398
0.0342523
0.0463196
0.0485485
0.0269861
0.0409291
0.0543335
0.0427409
0.020778
0.000587829
0.00764863
0.0267877
0.0414527
0.066553
0.0223903
0.00111025
0.00295432
0.0559041
0.0296548
0.00525104
0.0193901
0.0214708
0.000194103
0.0753871
0.00744943
0.00611231
0.10461
0.0396091
0.0672734
1.32768e+13
0.00719852
0.00243569
0.00104753
0.0214894
0.0144255
0.0793133
0.0143297
0.0298745
0.00325235
0.00709785
0.00639786
0.0383308
0.0535175
0.0294786
0.013349
0.0434101
0.0434214
0.0445959
0.0735297
0.0124448
0.014031
0.0043382
0.0739359
0.00348995
0.00238363
0.00404545
0.0193665
0.0015318
0.0444084
0.00307457
0.0178923
0.0323934
0.012161
0
0.00117851
0.000610427
0.024614
0.010225
0.0022706
0.0504807
0.0438828
0.0310413
0.0169636
0.0267307
0.0215036
0.0532288
0.0286667
0.0214274
0.00043475
0.00613835
0.0396371
0.0274589
0.0105514
0.0118972
0.026358
0.0325656
0.0355748
0.00341795
0.0243648
0.00785113
0.0110632
0.0193106
0.00553013
0.0143584
0.0110967
0.0173572
0.0203319
0.0747678
0.0225607
0.0279102
0.075678
0.0603995
0.0243081
0.00318995
0.0576064
0.000303359
0.0259002
0.039579
0.0740621
0.0481313
0.0736005
0.00955986
0.00273401
0.0302464
0.0574517
0.0403954
0.0624591
0.00822338
0.0466477
0.0187086
0.0175387
0.00521737
0.0259317
0.0378652
0.0143759
0.00177792
0.0033783
0.00375622
0.00545648
0.00476565
0.0111627
0.000223645
0.00567243
0.0382983
5.45369e-05
0.0143571
0.0106845
0.0142117
0.00328715
0.0017689
0.0119254
0.0110615
0.0133806
0.0138071
0.0384861
0.0114425
0.010685
0.0616573
0.0556742
0.162313
0.00761091
0.174149
0.0370355
0.0018464
0.11079
0.0716497
0.000524083
0.078014
0.0399162
0.212755
0.00794498
0.0792696
0.0730355
0.0190392
0.00272706
0.00321763
0.00308308
0.00271232
0.00158361
0.0175468
0.00243062
0.0040237
0.0141393
0.0205407
0.0365573
0.0994416
0.0318793
0.0554246
0.00354545
0.00957852
0.0188057
0.124445
0.0334716
