Data no.0,0.304739,0.0169043,4.454,-1.17919,0.0553069,3.287,
Data no.1,0.513383,-0.510411,5.165,-1.46956,-0.363726,3.453,
Data no.2,0.0713474,-0.400895,3.991,-0.563429,-0.392163,4.486,
Data no.3,-0.0132421,-0.862443,3.991,1.5838,-0.96182,4.519,
Data no.4,0.90753,-1.02393,5.253,
Data no.5,-0.274155,-0.854549,4.421,0.181289,-1.41955,4.454,
Data no.6,-0.157758,-1.00519,3.865,1.13106,0.480047,3.965,
Data no.7,-0.253911,-0.0929509,3.89,
Data no.8,-0.0317284,-0.0986489,3.865,0.297687,-0.0721771,4.153,
Data no.9,-0.263898,-0.452216,4.043,-1.55644,-0.899973,4.656,
Data no.10,-0.0665897,0.247474,4.07,0.449422,0.412461,4.839,
Data no.11,-0.339296,0.386353,4.621,-1.3643,0.258567,3.218,
Data no.12,-0.24893,0.301996,4.486,-0.747959,0.189211,4.586,
Data no.13,0.48503,-1.32682,4.801,
Data no.14,0.0854603,-0.78807,4.043,
Data no.15,0.104559,-0.488566,4.017,-0.510833,-0.338512,2.983,
Data no.16,-0.172029,0.316985,4.39,-0.094391,0.250818,4.125,
Data no.17,0.00568701,-0.957837,3.615,
Data no.18,-0.144314,-1.2541,4.017,0.536206,-1.35309,4.839,
Data no.19,0.973017,-0.540265,5.853,-1.28131,-0.091178,3.358,
Data no.20,0.476903,0.415785,4.878,-0.771745,0.306981,3.073,
Data no.21,0.214005,-0.743419,4.239,1.31046,-0.731302,4.209,
Data no.22,-0.0368688,-1.21863,3.747,1.10567,-1.85734,5.798,
Data no.23,0.773161,-0.559087,5.391,-1.03446,-0.27807,3.304,
Data no.24,-0.018888,-0.277724,3.817,1.18146,-0.187321,2.899,
Data no.25,0.541091,-0.0619153,4.956,-1.16311,0.0285371,3.287,
Data no.26,0.00575466,-0.856023,3.658,-2.16066,-1.0453,4.801,
Data no.27,0.905826,-0.0667626,5.344,1.53124,0.0581695,3.152,
Data no.28,0.493217,-0.893913,4.586,
Data no.29,0.244473,0.415128,4.691,-0.996989,0.231132,3.201,
Data no.30,-0.24899,0.407048,4.359,1.03818,0.423174,4.454,
Data no.31,-0.300172,-1.01927,4.181,
Data no.32,0.100644,-0.696551,4.125,-2.71617,-0.932512,5.744,
Data no.33,-0.0718041,-1.23298,3.991,1.39659,-1.7774,5.909,
Data no.34,-0.0126648,-0.352331,3.817,0.0511644,-0.267421,3.94,
Data no.35,0.928083,-0.621437,5.638,
Data no.36,0.496541,-0.367391,5.165,1.17448,-0.161452,2.859,
Data no.37,0.135348,-0.193213,4.621,1.84394,-0.140222,3.637,
Data no.38,0.135009,-0.354133,3.77,-1.02883,-0.296423,3.269,
Data no.39,-0.012907,-0.428767,3.89,1.90033,-0.385367,3.965,
Data no.40,0.119016,0.336331,4.878,-0.245505,0.415353,4.298,
Data no.41,-0.0325493,0.0215067,3.965,1.19494,0.116427,3.201,
Data no.42,-0.0407527,-0.889324,3.553,0.922582,-1.42841,5.391,
Data no.43,-0.0826714,0.337907,3.89,1.17289,0.40965,4.997,
Data no.44,-0.0831772,-0.736515,4.239,2.95406,-1.19375,6.336,
Data no.45,-0.144207,-0.14188,3.68,-0.848672,-0.165648,4.486,
Data no.46,-0.23094,-0.919777,4.043,
Data no.47,0.138482,0.449207,4.728,0.338767,0.431514,4.621,
Data no.48,-0.130117,-0.251331,3.794,0.347836,-0.268654,5.208,
Data no.49,-0.383381,0.451432,4.519,1.48256,0.318383,3.136,
Data no.50,0.0188041,-0.200665,3.89,-1.51832,-0.0479293,3.043,
Data no.51,-0.204479,-0.0425332,3.915,-0.12689,-0.0786435,3.532,
Data no.52,0.469947,-0.467226,4.728,-0.765442,-0.320249,3.088,
Data no.53,0.0682368,-0.383417,3.817,1.69998,-0.324356,3.453,
Data no.54,-0.0137796,-0.89745,4.153,
Data no.55,0.992357,-1.11963,5.744,-0.368071,-0.827945,3.89,
Data no.56,0.14889,-0.409154,3.658,-1.57394,-0.362704,3.34,
Data no.57,-0.0950317,-0.89745,4.153,
Data no.58,0.157044,-0.31991,5.079,1.61399,-0.198354,3.414,
Data no.59,
Data no.60,-0.399669,-0.536744,4.298,-0.0135938,-0.511643,4.097,
Data no.61,-0.406498,-0.423933,4.153,0.148035,-0.37126,3.637,
Data no.62,0.268752,-0.358458,5.691,-0.794205,-0.237148,3.865,
Data no.63,0.131495,-0.713169,3.512,-0.0919197,-0.828803,4.017,
Data no.64,0.150022,-0.122389,5.122,-1.31852,-0.0731883,3.287,
Data no.65,-0.274733,-0.100573,4.209,1.30497,-0.115376,3.794,
Data no.66,-0.0334113,-0.103881,4.07,-1.42746,-0.054072,3.433,
Data no.67,-0.278584,-0.477383,4.268,2.16143,-0.982638,4.839,
Data no.68,-0.0713181,0.265046,4.359,-1.08929,0.224848,3.34,
Data no.69,-0.252593,0.306439,4.552,-0.339174,0.208529,4.519,
Data no.70,0.0787385,-0.726085,3.725,
Data no.71,0.100602,-0.470079,3.865,-0.0438254,-0.519952,4.454,
Data no.72,-0.134318,-0.469995,4.328,1.4214,-0.330869,5.253,
Data no.73,-0.141548,-1.23006,3.94,
Data no.74,
Data no.75,0.7941,-0.574229,5.537,-1.50097,-0.27457,3.028,
Data no.76,-0.0204121,-0.300134,4.125,
Data no.77,-0.0704367,-1.2095,3.915,0.248417,-1.36399,4.486,
Data no.78,-0.012907,-0.359069,3.89,0.22537,-0.33072,5.537,
Data no.79,-0.154981,-1.05015,4.519,
Data no.80,0.532304,-0.393852,5.537,1.68423,-0.187598,3.322,
Data no.81,0.121641,-0.173645,4.153,-0.177472,-0.242917,4.181,
Data no.82,0.135868,-0.356388,3.794,1.24154,-0.484882,5.253,
Data no.83,0.114454,0.323438,4.691,1.18235,0.310371,3.573,
Data no.84,-0.0350367,0.0231502,4.268,1.3189,0.112316,3.088,
Data no.85,-0.0510871,-1.11485,4.454,0.825898,-1.43719,5.391,
Data no.86,-0.0821401,-0.33158,3.865,-0.514361,-0.19733,5.344,
Data no.87,-0.0726403,-0.643212,3.702,1.48429,-0.72427,3.747,
Data no.88,-0.159489,-0.156916,4.07,1.29056,-0.133068,3.77,
Data no.89,0.128582,0.417093,4.39,1.23807,0.352833,3.915,
Data no.90,-0.144349,-0.278823,4.209,0.0991576,-0.10445,4.691,
Data no.91,0.0177889,-0.189833,3.68,-0.813823,-0.0429728,3.043,
Data no.92,-0.22605,-0.0470202,4.328,1.13323,-0.128588,5.038,
Data no.93,0.50076,-0.49786,5.038,0.994124,-0.490329,4.728,
Data no.94,0.82944,-0.935821,4.801,0.500677,-1.23404,5.798,
Data no.95,0.169038,-0.46452,4.153,1.28574,-0.572904,5.122,
Data no.96,-0.129756,-1.39383,4.181,
Data no.97,0.143814,-0.779977,3.841,-1.2751,-0.744476,3.637,
Data no.98,-0.278584,-0.101983,4.268,-0.0255914,-0.111959,3.89,
Data no.99,-0.263898,-0.452216,4.043,-1.44181,-0.792241,3.965,
Data no.100,0.0849107,-0.783002,4.017,1.30402,-0.919048,4.878,
Data no.101,0.103205,-0.482242,3.965,-0.144314,-0.462394,4.017,
Data no.102,-0.122276,-0.42786,3.94,0.539888,-0.336601,5.344,
Data no.103,-0.144314,-1.2541,4.017,-2.95636,-1.72856,6.146,
Data no.104,0.181443,-0.630302,3.594,0.573389,-0.743419,4.239,
Data no.105,0.705182,-0.50993,4.917,1.20746,-0.362426,4.07,
Data no.106,-0.0208278,-0.306246,4.209,-0.7243,-0.160132,3.553,
Data no.107,0.00572162,-0.851109,3.637,
Data no.108,-0.316694,-0.411491,4.621,1.59758,-0.225475,3.322,
Data no.109,-0.141374,-1.24545,4.328,1.41157,-1.48944,5.587,
Data no.110,0.600873,-1.08903,5.587,
Data no.111,-0.302182,-1.0261,4.209,
Data no.112,0.0903237,-0.625123,3.702,
Data no.113,-0.0732254,-1.25739,4.07,0.639894,-1.73037,5.691,
Data no.114,-0.0820391,-0.726437,4.181,-1.46383,-0.542794,2.832,
Data no.115,0.526603,-0.523554,5.298,-1.04563,-0.320895,2.955,
Data no.116,0.0635172,-0.356898,3.553,-0.881164,-0.288564,2.969,
Data no.117,-0.108373,-1.16414,3.492,
Data no.118,0.148456,-0.805158,3.965,
Data no.119,-0.250713,-0.09178,3.841,0.364785,-0.129354,4.764,
Data no.120,-0.230544,-0.39506,3.532,-1.49051,-1.06671,5.253,
Data no.121,0.0811905,-0.748696,3.841,-1.40295,-0.686979,3.615,
Data no.122,0.0914139,-0.427146,3.512,1.55179,-0.357691,3.152,
Data no.123,-0.0978211,-0.342288,3.152,-0.693933,-0.128368,2.955,
Data no.124,0.607945,-0.439616,4.239,-0.783921,-0.338014,3.94,
Data no.125,-0.0198777,-0.292276,4.017,0.892327,-0.258023,5.165,
Data no.126,0.475472,-0.861751,4.421,
Data no.127,-0.277485,-0.942237,3.865,
Data no.128,-0.063546,-1.09118,3.532,
Data no.129,-0.0123595,-0.343839,3.725,-0.954094,-0.186126,2.955,
Data no.130,-0.0730916,-0.647209,3.725,1.18759,-0.58926,2.998,
Data no.131,0.50076,-0.49786,5.038,-1.23366,-0.355458,3.088,
Data no.132,0.915304,-1.0327,5.298,
Data no.133,0.142133,-0.390586,3.492,1.38278,-0.953901,6.68,
Data no.134,-0.0772748,-0.729759,3.377,1.22242,-1.36296,5.208,
Data no.135,0.136962,-0.742816,3.658,2.41124,-1.19379,4.997,
Data no.136,-0.276691,-0.10129,4.239,0.0507477,-0.162137,3.472,
Data no.137,-0.199604,-0.342043,3.058,0.0488184,-0.781607,3.34,
Data no.138,0.0742361,-0.684566,3.512,0.312888,-0.943157,4.268,
Data no.139,0.0874054,-0.408416,3.358,0.516198,-1.38366,4.728,
Data no.140,-0.0988142,-0.345763,3.184,-1.28184,-0.108915,3.235,
Data no.141,-0.108244,-0.940652,3.013,
Data no.142,0.174324,-0.605574,3.453,-0.458329,-0.632098,3.088,
Data no.143,0.716655,-0.518227,4.997,0.778286,-0.405617,4.728,
Data no.144,-0.016008,-0.235378,3.235,0.00511595,-0.231318,3.252,
Data no.145,0.00525439,-0.781607,3.34,1.5156,-1.29773,5.253,
Data no.146,-0.214921,-0.279255,3.136,1.39423,-0.417732,4.298,
Data no.147,-0.113413,-0.999122,3.472,
Data no.148,0.51634,-0.935821,4.801,
Data no.149,-0.238501,-0.80986,3.322,
Data no.150,0.0814914,-0.563995,3.34,1.03721,-1.1222,5.439,
Data no.151,-0.0600916,-1.03186,3.34,
Data no.152,-0.0109627,-0.304978,3.304,1.39461,-0.646082,4.917,
Data no.153,-0.115164,-0.780349,3.358,
Data no.154,0.115241,-0.302281,3.218,1.3735,-0.407125,3.865,
Data no.155,-0.0374953,-0.818238,3.269,0.26829,-1.21484,4.017,
Data no.156,-0.0713652,-0.288084,3.358,1.18262,-0.178902,3.168,
Data no.157,-0.0669892,-0.593173,3.414,1.60806,-0.838411,3.794,
Data no.158,0.488733,-0.485903,4.917,-1.05142,-0.459701,3.013,
Data no.159,0.0515753,-0.289798,2.885,0.241025,-0.529422,3.794,
Data no.160,1.09463,-1.23503,6.336,
Data no.161,0.135946,-0.373585,3.34,-0.724778,-0.491177,3.152,
Data no.162,1.94617,-1.18514,3.94,
Data no.163,-0.107752,-1.15747,3.472,0.842378,-3.87173,9.755,
Data no.164,0.119851,-0.650015,3.201,
Data no.165,-0.301626,-0.110418,4.621,-0.844826,-0.212157,4.39,
Data no.166,-0.201562,-0.345398,3.088,-0.809681,-0.936913,3.472,
Data no.167,0.0687403,-0.633887,3.252,0.797863,-1.32054,5.208,
Data no.168,-0.0912728,-0.319375,2.941,-1.14471,-0.110126,3.12,
Data no.169,-0.116831,-1.01527,3.252,
Data no.170,0.163319,-0.567342,3.235,
Data no.171,0.710775,-0.513975,4.956,1.15073,-0.477094,5.079,
Data no.172,-0.0142118,-0.208966,2.872,-0.417173,-0.227986,3.817,
Data no.173,0.00493346,-0.733868,3.136,
Data no.174,-0.224036,-0.291098,3.269,-1.11745,-0.308682,3.073,
Data no.175,-0.0951532,-0.838261,2.913,
Data no.176,0.546239,-0.990009,5.079,
Data no.177,-0.221701,-0.752814,3.088,
Data no.178,0.0757333,-0.524144,3.104,
Data no.179,-0.0582025,-0.999422,3.235,
Data no.180,-0.00939657,-0.26141,2.832,-1.38621,-0.48151,3.058,
Data no.181,-0.10539,-0.71412,3.073,1.54152,-1.15324,3.637,
Data no.182,0.104318,-0.273631,2.913,1.21101,-0.639939,4.586,
Data no.183,-0.034731,-0.757915,3.028,
Data no.184,-0.0593789,-0.239698,2.794,0.276206,-0.246287,4.239,
Data no.185,
Data no.186,0.469947,-0.467226,4.728,-0.775512,-0.491263,3.088,
Data no.187,0.125079,-0.34372,3.073,-0.0684895,-0.494552,2.794,
Data no.188,-0.0633392,-0.598156,2.768,
Data no.189,0.107046,-0.580566,2.859,2.82128,-2.0788,7.064,
Data no.190,-0.227933,-0.0834407,3.492,-0.81477,-0.190976,3.287,
Data no.191,-0.175975,-0.301552,2.696,
Data no.192,-0.0836693,-0.29277,2.696,1.33568,-0.125327,2.885,
Data no.193,-0.103646,-0.900691,2.885,-0.320216,-1.07356,2.845,
Data no.194,0.171396,-0.595402,3.395,3.08381,-2.02392,7.982,
Data no.195,0.808585,-0.584703,5.638,-0.075084,-0.38673,2.872,
Data no.196,-0.0140782,-0.207002,2.845,-1.02926,-0.19842,3.322,
Data no.197,0.00422239,-0.628094,2.684,1.88699,-1.75597,5.967,
Data no.198,-0.203476,-0.264384,2.969,-1.27387,-0.309094,3.028,
Data no.199,-0.104005,-0.916245,3.184,
Data no.200,0.528816,-0.958432,4.917,0.0451351,-0.843351,3.088,
Data no.201,-0.228593,-0.776218,3.184,
Data no.202,0.0717564,-0.49662,2.941,
Data no.203,-0.0507181,-0.870903,2.819,1.29563,-1.52599,4.097,
Data no.204,-0.00952929,-0.265102,2.872,
Data no.205,-0.0989422,-0.670431,2.885,
Data no.206,0.114632,-0.300685,3.201,1.1552,-0.7997,5.537,
Data no.207,-0.0317488,-0.692837,2.768,0.824959,-1.86489,5.165,
Data no.208,-0.0613128,-0.247505,2.885,1.31635,-0.344728,5.079,
Data no.209,-0.0548236,-0.48545,2.794,
Data no.210,0.273937,-0.272351,2.756,-0.0431606,-0.415377,2.638,
Data no.211,0.0469452,-0.263781,2.626,0.35668,-0.432689,2.806,
Data no.212,-0.00878938,-0.572441,2.649,-0.0630646,-0.828994,2.756,
Data no.213,
Data no.214,0.109246,-0.30021,2.684,-0.131761,-0.490611,2.604,
Data no.215,-0.0624926,-0.590161,2.731,
Data no.216,0.0991832,-0.537922,2.649,
Data no.217,-0.348818,-0.127694,5.344,-0.744105,-0.210679,3.104,
Data no.218,-0.23459,-0.401995,3.594,
Data no.219,0.0562478,-0.518688,2.661,
Data no.220,-0.0908383,-0.317855,2.927,-0.7016,-0.223163,3.841,
Data no.221,-0.0964248,-0.837939,2.684,
Data no.222,0.740749,-0.535649,5.165,-0.625754,-0.529456,2.885,
Data no.223,-0.0125689,-0.18481,2.54,-1.17229,-0.159427,2.744,
Data no.224,0.00415002,-0.617329,2.638,
Data no.225,-0.296613,-0.3854,4.328,-0.213678,-0.37126,3.637,
Data no.226,-0.0942386,-0.830203,2.885,
Data no.227,0.28866,-0.523171,2.684,
Data no.228,0.0663399,-0.459132,2.719,2.50086,-1.32401,4.997,
Data no.229,-0.0472457,-0.811277,2.626,0.67716,-1.67547,4.328,
Data no.230,-0.00815564,-0.226887,2.458,1.29327,-0.560631,3.028,
Data no.231,-0.0945181,-0.640454,2.756,0.276976,-0.905845,2.615,
Data no.232,0.0948643,-0.248833,2.649,-0.518026,-0.415183,2.941,
Data no.233,-0.0301201,-0.657294,2.626,0.0263259,-1.01708,2.707,
Data no.234,-0.0539808,-0.217908,2.54,1.41865,-0.370242,4.486,
Data no.235,-0.0513113,-0.454349,2.615,1.19978,-1.10747,3.915,
Data no.236,0.272744,-0.271165,2.744,1.48063,-0.801381,3.915,
Data no.237,0.0467485,-0.262676,2.615,1.69342,-1.0336,5.439,
Data no.238,-0.00760817,-0.49551,2.293,
Data no.239,0.440548,-0.497051,2.55,-0.416393,-0.803495,2.364,
Data no.240,0.104646,-0.287571,2.571,-0.734552,-0.615464,2.983,
Data no.241,-0.0540946,-0.510853,2.364,1.49404,-2.01647,5.298,
Data no.242,0.0849179,-0.460554,2.268,
Data no.243,-0.351886,-0.128817,5.391,0.987471,-0.312265,4.39,
Data no.244,-0.221601,-0.379737,3.395,0.319787,-0.890208,2.582,
Data no.245,0.050752,-0.468008,2.401,
Data no.246,-0.0925763,-0.323936,2.983,1.2632,-0.250993,2.672,
Data no.247,0.127171,-0.441772,2.519,
Data no.248,0.302564,-0.521753,2.509,
Data no.249,-0.0129945,-0.191067,2.626,0.536443,-0.0327995,5.487,
Data no.250,0.00380707,-0.566314,2.42,
Data no.251,-0.288458,-0.374803,4.209,-0.638512,-0.472077,4.552,
Data no.252,0.270915,-0.491009,2.519,
Data no.253,-0.0456798,-0.404484,2.328,-0.617078,-0.929909,2.845,
Data no.254,0.216585,-0.215331,2.179,1.48849,-0.991569,4.39,
Data no.255,0.0393832,-0.221291,2.203,-0.595664,-0.525287,2.468,
Data no.256,31.5163,-25.0499,65.535,
Data no.257,0.344664,-0.38887,1.995,
Data no.258,0.0886908,-0.243725,2.179,
Data no.259,0,0,
Data no.260,0.0852174,-0.462179,2.276,0.448873,-0.895923,2.276,
Data no.261,-0.371468,-0.135985,5.691,-0.750444,-0.196961,2.707,
Data no.262,
Data no.263,0.0475813,-0.43877,2.251,
Data no.264,-1.56272,-0.304274,3.184,
Data no.265,0.108492,-0.376883,2.149,
Data no.266,0.315948,-0.228468,2.203,0.0956724,-0.503104,2.26,
Data no.267,-0.0211197,-0.310539,4.268,-0.491293,0.36244,2.41,
Data no.268,0.00318095,-0.473176,2.022,0.353751,-0.828429,2.149,
Data no.269,-0.300862,-0.390921,4.39,-0.748639,-0.395985,3.702,
Data no.270,0.236069,-0.427854,2.195,
Data no.271,0.0549213,-0.380106,2.251,0.543436,-0.77456,2.268,
Data no.272,-0.0115865,-0.322332,3.492,1.46481,-1.0744,4.656,
Data no.273,0.0786059,-0.206186,2.195,1.53431,-0.617412,2.969,
Data no.274,-0.0953377,-0.384856,4.486,1.585,-0.481448,5.038,
Data no.275,0.508625,-0.861254,2.364,
Data no.276,0.195811,-0.194677,1.97,0.0144769,-1.06487,4.519,
Data no.277,-0.30802,-1.04162,4.39,
Data no.278,0.089342,-0.245514,2.195,0.347193,-0.471155,1.746,
Data no.279,-0.0996596,-0.882462,5.079,0.904483,-0.843503,2.134,
Data no.280,
Data no.281,0.0669854,-0.376386,3.747,
Data no.282,0.127238,-0.333749,3.553,
Data no.283,0.459311,-0.456652,4.621,
Data no.284,0.0796245,-0.447404,4.454,
Data no.285,0.183935,-0.505458,4.519,
Data no.286,-0.02493,-0.366564,5.038,-0.308046,0.394741,4.017,
Data no.287,-0.302987,-0.393681,4.421,0.324238,-0.137401,1.177,
Data no.288,-0.0154486,-0.429775,4.656,
Data no.289,0.183426,-0.481133,5.122,0.30254,-0.472485,1.345,
Data no.290,1.36875,-0.0127596,4.691,
Data no.291,-1.06614,-0.0267041,2.458,-1.15428,-0.0239472,2.593,
Data no.292,-0.705306,-0.523978,4.552,
Data no.293,0.661586,-0.352868,1.419,
Data no.294,-0.47641,-0.487562,4.359,-1.15287,-0.287571,2.571,
Data no.295,-0.681905,-0.37912,4.181,-0.17971,-0.415844,4.586,
Data no.296,-0.505403,-0.672873,4.997,-0.954966,-0.355221,2.638,
Data no.297,-1.11754,-0.247571,2.832,
Data no.298,0.483543,-0.508662,4.239,0.850438,-0.742956,5.798,
Data no.299,0.285102,0.0353349,4.07,0.346121,0.0155278,1.506,
Data no.300,1.23757,-0.391253,2.41,-1.04206,-0.443365,2.731,
Data no.301,1.23764,-0.146277,2.449,0.412853,-0.0826651,1.384,
Data no.302,1.18676,-0.359712,2.519,0.281255,-0.733551,5.079,
Data no.303,-0.778827,-0.690558,4.728,-1.08366,-0.351788,2.382,
Data no.304,-0.215485,-0.501734,4.552,0.589787,-0.162521,1.453,
Data no.305,-0.474908,-0.697511,4.621,-1.11997,-0.3677,2.41,
Data no.306,-0.834147,-0.101201,3.965,-0.753397,-0.0959855,4.017,
Data no.307,1.26647,-0.360782,2.498,
Data no.308,-1.23536,-0.0460383,2.649,-1.32174,-0.0417235,2.649,
Data no.309,-0.838688,-0.174816,4.181,-0.837854,-0.0964797,2.401,
Data no.310,-0.589677,-0.718918,4.519,0.511033,-0.221277,1.363,
Data no.311,-1.23228,0.00576498,2.661,0.504304,0.00957797,4.421,
Data no.312,-1.06673,-0.555669,2.478,-1.16839,-0.578174,2.488,
Data no.313,-1.28029,0.00996647,2.626,
Data no.314,-0.820811,-0.471711,2.42,-0.837778,-0.615996,3.058,
Data no.315,0.403606,-0.0710876,1.423,-1.05699,-0.271555,2.794,
Data no.316,-0.859486,-0.535741,2.498,-0.768144,-0.556657,2.519,
Data no.317,-0.80631,-0.418385,4.454,-0.349073,-0.42759,4.552,
Data no.318,-1.19937,-0.577172,2.519,
Data no.319,-0.737492,-0.0608763,3.865,-0.816729,-0.0535783,3.794,
Data no.320,0.181289,0.0894524,4.454,0.401272,0.0349353,1.609,
Data no.321,-0.52365,-0.400905,4.586,1.16882,-0.212112,2.382,
Data no.322,-1.17672,-0.526126,2.55,0.0955206,-0.839642,3.915,
Data no.323,0.611413,-0.362113,1.41,0.292795,-0.333116,1.265,
Data no.324,-0.810308,0.310587,3.269,
Data no.325,-0.833918,-0.55526,4.691,0.549478,-0.512142,4.268,
Data no.326,-0.15444,-0.397916,4.728,-0.501219,-0.385965,4.586,
Data no.327,-0.964161,-0.482261,2.582,-0.0221985,-0.867113,4.486,
Data no.328,
Data no.329,-1.33469,-0.0503531,2.649,-1.39856,-0.0507903,2.672,
Data no.330,-1.08181,-0.450275,2.719,0.284744,-0.903254,5.298,
Data no.331,-0.922971,0.442767,3.043,
Data no.332,0.558054,-0.330607,1.403,
Data no.333,-0.81135,0.323102,2.439,0.323467,0.201918,1.47,
Data no.334,-0.959677,-0.480461,4.359,0.537467,-0.156928,1.403,
Data no.335,-1.20597,-0.445452,2.449,-0.670793,-0.848047,4.621,
Data no.336,-0.795444,-0.546924,2.439,0.510996,-0.315347,1.357,
Data no.337,-0.864404,-0.505442,4.454,0.263488,-0.142045,1.234,
Data no.338,
Data no.339,-0.470589,0.369996,4.181,
Data no.340,1.31568,0.361017,4.586,0.321202,0.128215,1.564,
Data no.341,-1.00203,-0.511328,2.498,
Data no.342,0.298532,-0.436153,5.391,0.49381,-0.345298,4.268,
Data no.343,-0.0843349,0.268338,4.298,0.547844,0.0944275,1.474,
Data no.344,-1.02281,0.303768,2.509,-0.0417099,0.533934,4.239,
Data no.345,-0.793333,-0.335533,3.287,0.473672,-0.144879,1.397,
Data no.346,-0.858597,-0.405562,2.449,
Data no.347,-1.12571,0.0695562,2.615,-1.06128,0.0731946,2.593,
Data no.348,0.569763,0.181719,1.481,-0.351029,0.161268,5.122,
Data no.349,0.496862,0.300515,4.691,-0.161163,0.301996,4.486,
Data no.350,0.34754,0.281761,1.04,0.112537,0.273243,0.946,
Data no.351,1.25129,-0.0461712,2.429,-0.92205,-0.0684234,3.073,
Data no.352,1.23301,-0.018925,2.488,
Data no.353,-0.805648,-0.371019,2.458,-1.17834,-0.38303,2.458,
Data no.354,0.0494987,0.300547,4.359,
Data no.355,0.667114,-0.303687,1.416,
Data no.356,0.35663,-0.1257,1.272,-0.457229,-0.0694371,4.917,
Data no.357,-0.738642,0.330494,2.885,-0.817963,0.281287,2.355,
Data no.358,-0.903473,-0.529617,2.328,
Data no.359,0.467008,0.27126,1.384,-0.446841,0.287317,1.257,
Data no.360,0.0550239,0.277096,0.913,0.38204,0.275074,0.843,
Data no.361,0.582307,0.199524,1.47,-0.85038,0.451643,3.104,
Data no.362,-0.997874,-0.453222,2.684,-0.776358,-0.437669,2.519,
Data no.363,-0.964684,0.28381,2.55,-0.298738,0.506449,4.359,
Data no.364,0.278263,0.207456,1.626,0.282005,0.439401,4.328,
Data no.365,-0.958905,-0.597848,2.42,0.641719,-0.363654,1.416,
Data no.366,-1.10959,-0.411851,2.439,0.124159,-0.736515,4.239,
Data no.367,-1.0832,-0.428231,2.488,-0.733353,-0.47101,2.661,
Data no.368,-0.78305,-0.444543,2.401,0.758993,-0.920181,4.801,
Data no.369,0.290916,0.259285,4.153,-0.836756,0.190438,2.899,
Data no.370,0.467565,0.278257,1.456,-0.323465,0.290207,1.288,
Data no.371,-1.05498,-0.519466,2.498,0.489561,-0.983673,4.552,
Data no.372,
Data no.373,-0.0350367,0.0648613,4.268,-1.28184,0.0486837,2.638,
Data no.374,-1.14865,-0.560154,2.498,
Data no.375,-0.926475,-0.513265,2.449,-1.24647,-0.531166,2.458,
Data no.376,1.07652,0.328754,2.285,-0.638214,0.414475,2.756,
Data no.377,-0.180452,-0.818544,4.421,0.645799,-0.261885,1.39,
Data no.378,1.12102,0.29663,2.355,-0.776271,0.382184,2.885,
Data no.379,-0.734443,-0.365147,3.043,
Data no.380,0.269837,0.272699,1.403,0.461127,0.277632,1.36,
Data no.381,-0.569598,-0.00508058,4.656,-0.768999,0.00207798,3.865,
Data no.382,-1.22326,-0.463828,2.42,-0.0798095,-0.895212,4.878,
Data no.383,0.490754,0.258005,1.244,
Data no.384,-0.644905,-0.0680407,3.915,0.0130385,-0.0641052,4.07,
Data no.385,-1.14004,-0.528395,2.561,0.0426933,-0.941515,4.39,
Data no.386,-0.638512,-0.457248,4.552,
Data no.387,-0.174537,0.270823,4.454,-0.927267,0.163358,2.55,
Data no.388,-0.920488,-0.317829,4.181,-0.874752,-0.258079,3.395,
Data no.389,-0.206349,0.385748,4.359,
Data no.390,1.19972,0.0013597,2.529,
Data no.391,-1.11413,-0.478553,2.54,0.331744,-0.250013,1.272,
Data no.392,1.25924,0.39855,4.268,
Data no.393,0.208778,0.276017,4.421,-1.11291,0.171782,2.615,
Data no.394,-1.28831,-0.679926,2.582,0.416193,-0.350395,1.283,
Data no.395,0.52221,-0.253469,1.369,
Data no.396,-1.23846,-0.531166,2.458,0.768461,-1.18803,5.298,
Data no.397,-1.13276,-0.441814,2.429,-0.0461574,-0.883816,4.691,
Data no.398,-0.7333,0.30457,4.125,
Data no.399,0.652725,-0.354954,1.456,
Data no.400,0.532598,-0.339517,1.339,
Data no.401,0.0974788,-0.640316,4.997,
Data no.402,0.482058,-0.44506,1.297,0.32103,-0.431302,1.313,
Data no.403,-1.19521,-0.493128,2.468,
Data no.404,-1.18056,-0.416073,2.488,0.71549,-0.7556,4.39,
Data no.405,-0.46041,-0.725556,3.573,
Data no.406,-0.773997,0.258942,2.293,-0.564782,0.399977,3.395,
Data no.407,-0.822777,-0.0617494,3.553,
Data no.408,0.219712,-0.779199,3.747,
Data no.409,0.261288,0.230079,1.394,0.232016,0.718157,4.07,
Data no.410,-0.104339,0.671714,3.991,
Data no.411,-1.00235,0.156645,2.509,1.35388,0.307562,4.801,
Data no.412,-0.497909,0.300509,4.07,0.339654,0.11641,1.51,
Data no.413,-0.406913,-0.324072,4.454,-0.905125,-0.180299,2.478,
Data no.414,-0.110822,0.0713252,4.239,1.21384,0.0470597,2.55,
Data no.415,
Data no.416,0.531922,-0.0874809,4.239,0.503177,-0.158621,1.378,
Data no.417,-1.26868,0.0703907,2.819,-0.929639,0.0656462,2.468,
Data no.418,0.55902,-0.292157,1.394,0.58739,-0.98353,4.621,
Data no.419,0.569334,0.207819,1.397,1.11005,0.336198,2.285,
Data no.420,
Data no.421,-0.920234,0.0776232,3.865,-0.905613,0.0920391,4.239,
Data no.422,-1.0969,-0.445455,2.638,-1.25877,-0.420468,2.42,
Data no.423,0.504272,-0.154467,1.381,0.347424,-0.129774,1.232,
Data no.424,0.543953,0.209811,1.426,-0.477117,0.499411,4.239,
Data no.425,0.568111,-0.244474,1.394,
Data no.426,-1.33749,-0.087671,2.604,1.09391,-0.0867591,2.458,
Data no.427,-1.13044,0.32221,2.626,-0.532809,0.548367,4.298,
Data no.428,-0.517623,0.368568,4.017,
Data no.429,-0.43565,0.250845,4.239,-1.10012,0.167522,2.615,
Data no.430,-0.944904,0.308195,3.915,-1.12815,0.222481,2.661,
Data no.431,
Data no.432,1.27555,0.384033,4.421,
Data no.433,0.338657,0.444071,4.519,-1.29485,0.28945,2.806,
Data no.434,0.475528,0.190827,1.423,0.390097,0.209568,1.544,
Data no.435,-0.653012,-0.387635,3.104,
Data no.436,0.0638832,0.285452,1.06,0.265122,0.291631,1.004,
Data no.437,0.455994,0.0930531,1.617,0.127814,0.280977,4.621,
Data no.438,-1.02378,-0.471236,2.638,
Data no.439,0.186005,0.285362,1.047,0.406633,0.291233,1.014,
Data no.440,0.269524,-0.146065,1.234,-0.980592,-0.327941,2.626,
Data no.441,-0.82857,-0.131196,3.553,0.20024,-0.121523,3.152,
Data no.442,-0.232048,-0.206689,4.586,-0.00785751,-0.20226,4.656,
Data no.443,-0.811983,-0.406206,2.429,-1.05597,-0.472293,2.744,
Data no.444,0.043084,0.279871,0.98,
Data no.445,0.424993,-0.378789,1.207,
Data no.446,0.555721,-0.359822,1.272,
Data no.447,0.306977,-0.144639,1.239,-0.989919,-0.306373,2.519,
Data no.448,-1.23422,-0.0896535,2.54,1.23683,-0.0892652,2.529,
Data no.449,-0.571938,0.342251,3.94,0.393484,0.13185,1.463,
Data no.450,
Data no.451,0.621792,-0.367502,1.387,
Data no.452,0.573343,-1.07484,4.691,
Data no.453,-1.01825,-0.458799,2.478,-1.13485,-0.473028,2.468,
Data no.454,-0.614627,-0.0414298,4.486,
Data no.455,-1.08399,0.242042,2.638,
Data no.456,0.0518367,0.261956,0.74,0.436268,0.283168,0.855,
Data no.457,0.574104,0.226294,1.319,
Data no.458,-1.22923,-0.610595,2.488,0.42241,-1.21734,4.801,
Data no.459,-0.103911,0.388937,4.239,
Data no.460,
Data no.461,0.147541,0.263172,0.73,-3.34282e+38,0,0,
Data no.462,1.19853,-0.268268,2.364,-0.925676,-0.295503,2.604,
Data no.463,0.248661,0.213454,1.467,0.252244,0.220177,1.433,
Data no.464,1.1696,-0.227138,2.337,-0.637921,-0.389729,4.298,
Data no.465,-0.0158145,0.273935,0.879,0.224015,0.271128,0.799,
Data no.466,-0.0405882,-0.017939,4.125,1.23796,-0.00679461,2.498,
Data no.467,0.489194,-0.479478,1.322,
Data no.468,-0.509993,0.247801,3.594,-0.876327,0.179649,2.488,
Data no.469,-0.456357,-0.445724,4.586,0.511404,-0.140919,1.426,
Data no.470,1.14292,0.208565,2.401,-0.882876,0.335629,3.658,
Data no.471,0.321886,0.272967,0.793,0.270372,0.267032,0.718,
Data no.472,-0.977599,-0.491009,2.519,0.533543,-0.280434,1.381,
Data no.473,1.41579,0.183765,4.454,0.360283,-0.0712374,1.426,
Data no.474,0.575851,-0.440043,1.333,-0.749727,0.444824,2.179,
Data no.475,0.213725,-0.495437,1.366,0,0,
Data no.476,0.523788,-0.367531,1.27,0.321834,-0.298823,1.234,
Data no.477,-0.848672,-0.355628,4.486,1.18598,-0.190339,2.401,
Data no.478,0.0340585,0.268084,0.747,0.397606,0.271906,0.813,
Data no.479,0.5351,-0.448412,1.313,
Data no.480,-0.596391,-0.0105809,3.89,-0.551742,-0.00519843,4.764,
Data no.481,-0.570297,0.197502,3.532,
Data no.482,-3.30279e+38,0,0,
Data no.483,-0.0246105,0.267801,0.793,0,0,
Data no.484,0.479295,-0.390921,4.39,0.413907,-0.211344,4.097,
Data no.485,0.124192,0.26602,0.762,0,0,
Data no.486,-0.745633,-0.649409,3.028,0.0698282,-0.949787,4.298,
Data no.487,-0.340896,0.266974,0.783,-0.0512612,0.264382,0.714,
Data no.488,0.315881,0.728875,3.658,
Data no.489,0.525039,0.221497,1.342,0.563143,0.277197,1.171,
Data no.490,0.117889,0.278933,0.822,0.18639,0.269029,0.733,
Data no.491,0.547844,0.195265,1.474,0.187154,0.0959907,4.421,
Data no.492,-0.368339,0.295084,4.181,0.401769,0.115183,1.56,
Data no.493,0.511033,-0.30342,1.363,-0.769372,-0.565032,2.696,
Data no.494,0.0454232,0.28371,1.073,0.516988,0.291642,1.033,
Data no.495,-0.353938,0.262768,0.767,-0.189789,0.265545,0.714,
Data no.496,-0.77086,-0.36339,2.488,-1.07606,-0.360906,2.391,
Data no.497,
Data no.498,0.531291,-0.278185,1.381,0.763213,-0.942884,4.878,
Data no.499,-0.110777,0.27487,0.882,-0.158949,0.266717,0.786,
Data no.500,0.160292,0.274674,0.886,
Data no.501,0.465082,-0.481292,1.327,
Data no.502,0.143015,0.267612,0.763,-0.321419,0.258827,0.699,
Data no.503,0.172738,0.398435,4.421,-1.23798,0.259472,2.731,
Data no.504,-0.0845542,0.27279,0.836,-0.119,0.264495,0.737,
Data no.505,0.446309,-0.342832,1.31,0.769038,-1.32872,5.487,
Data no.506,0.196639,-0.488289,1.403,0.595411,-0.531235,1.333,
Data no.507,-0.474454,-0.257267,4.691,-0.794244,-0.251595,4.728,
Data no.508,-0.895995,-0.493146,2.509,1.32863,-0.526271,2.571,
Data no.509,-0.123181,0.267181,0.795,-0.241156,0.260954,0.711,
Data no.510,0.123125,0.280406,1.035,-0.169592,0.277108,0.954,
Data no.511,0.0275898,-0.0046572,4.268,0.906328,0.00112797,2.098,
Data no.512,0.466798,0.211724,1.439,1.10454,0.349528,2.251,
Data no.513,0.055635,0.275882,0.833,0.0321372,0.265914,0.731,
Data no.514,0.266807,0.298978,1.084,0.146779,0.275365,0.948,
Data no.515,-1.00616,0.240083,2.571,-0.397148,0.385685,3.991,
Data no.516,0.394814,0.310044,1.111,0.345678,0.276516,0.926,
Data no.517,0.134314,0.2735,0.926,-0.0265967,0.274059,0.857,
Data no.518,0.977548,0.386975,2.134,
Data no.519,0.484182,0.249798,1.456,-0.571938,0.42568,3.94,
Data no.520,0.236092,0.277759,0.847,-0.0681538,0.26651,0.746,
Data no.521,-0.231269,0.275567,0.933,-0.427492,0.272328,0.843,
Data no.522,
Data no.523,-0.103159,0.277711,0.93,0.314193,0.272078,0.838,
Data no.524,-0.196971,0.280683,0.915,-0.408426,0.270234,0.808,
Data no.525,0.0159217,0.276679,0.98,0.404367,0.275226,0.902,
Data no.526,-0.367858,0.266117,0.906,-0.04821,0.271276,0.844,
Data no.527,0.349902,0.277896,0.869,
Data no.528,-0.235649,0.272175,0.892,-0.3275,0.266555,0.797,
Data no.529,0.845416,0.278375,1.957,1.09084,0.334873,2.276,
Data no.530,0.54739,0.239729,1.322,0.32774,0.560203,3.725,
Data no.531,0.034068,0.277206,0.837,-0.080112,0.266641,0.733,
Data no.532,0.0809911,0.274059,0.857,0.339794,0.268254,0.772,
Data no.533,-0.26152,0.275305,0.927,
Data no.534,0.200617,0.27909,0.905,-0.303413,0.267933,0.809,
Data no.535,-0.523894,0.307909,1.217,
Data no.536,-0.310726,0.383004,4.328,
Data no.537,0.553488,-0.466585,1.316,-0.73094,-0.475081,2.684,
Data no.538,0.312832,0.291068,1.043,0.179029,0.268117,0.893,
Data no.539,-0.304319,0.267853,0.864,0.142598,0.284042,0.902,
Data no.540,0.421454,-0.414348,1.249,0.327385,-0.857839,3.94,
Data no.541,
Data no.542,-1.00222,-0.133761,2.439,0.343394,-0.0826177,1.463,
Data no.543,-0.158559,0.277244,0.982,0.143862,0.277667,0.91,
Data no.544,0.496293,0.252132,1.403,
Data no.545,0.46279,-0.460111,4.656,0.950554,-1.54666,4.486,
Data no.546,
Data no.547,-0.02157,-0.31716,4.359,1.17512,0.254808,2.593,
Data no.548,-0.300862,-0.390921,4.39,-0.939642,-0.519094,4.268,
Data no.549,
Data no.550,0.163013,-0.42759,4.552,
Data no.551,0.377445,-0.0205614,4.728,-0.586257,-0.0168083,3.865,
Data no.552,-1.09259,-0.0273669,2.519,0.921631,-0.0694371,4.917,
Data no.553,-0.65216,-0.484495,4.209,-0.684454,-0.515567,4.239,
Data no.554,-0.460016,-0.470784,4.209,0.623148,-0.538807,4.552,
Data no.555,-0.686472,-0.381659,4.209,0.270027,-0.386363,4.043,
Data no.556,-0.505403,-0.672873,4.997,0.808687,-0.642609,4.552,
Data no.557,1.30073,-0.124521,4.586,0.21388,-0.792126,4.691,
Data no.558,0.535103,-0.562901,4.691,1.40405,-0.643715,4.839,
Data no.559,0.331194,0.0410475,4.728,-0.564195,0.031949,3.68,
Data no.560,-0.772732,-0.685154,4.691,1.46298,-0.544159,3.492,
Data no.561,0.926374,-0.216082,1.851,
Data no.562,-0.558976,-0.820983,5.439,-1.02993,-0.384992,2.42,
Data no.563,-0.760515,-0.092268,3.615,-0.0591733,-0.109072,4.017,
Data no.564,-0.800575,-0.166872,3.991,-0.840237,-0.0936584,2.156,
Data no.565,-0.581195,-0.708577,4.454,0.313327,-0.706007,4.181,
Data no.566,-0.807923,-0.464304,2.382,-1.13145,-0.514938,2.401,
Data no.567,1.31066,-0.230847,4.621,
Data no.568,-0.766243,-0.47762,2.227,-0.786813,-0.532616,2.276,
Data no.569,-0.708734,-0.367754,3.915,-0.355593,-0.430761,4.359,
Data no.570,-0.651435,-0.0537728,3.414,-0.707561,-0.078538,4.519,
Data no.571,0.161385,0.0796315,3.965,0.590033,0.0956783,4.764,
Data no.572,-0.512232,-0.392163,4.486,1.14103,-0.216989,2.31,
Data no.573,-1.05075,0.402747,4.239,-0.459798,0.397471,3.915,
Data no.574,-0.758721,-0.50519,4.268,-1.25675,-0.590444,4.728,
Data no.575,-0.122396,-0.315353,3.747,0.806273,-0.444973,4.997,
Data no.576,-0.837573,-0.418943,2.243,-1.11876,-0.509207,2.468,
Data no.577,-0.889245,-0.370123,2.235,1.39934,-0.860894,4.691,
Data no.578,0.663047,0.594492,4.328,-1.15047,0.31263,2.276,
Data no.579,1.13719,-0.673703,2.859,1.11909,-1.5663,5.537,
Data no.580,-0.805029,0.320585,2.42,0.0323061,0.567704,3.991,
Data no.581,-0.973327,-0.487295,4.421,0.747434,-0.535361,4.586,
Data no.582,-0.776854,-0.534142,2.382,
Data no.583,-0.816856,-0.47764,4.209,-0.730887,-0.512142,4.268,
Data no.584,-1.05425,0.0172727,2.449,1.07323,0.00876715,2.31,
Data no.585,-0.43232,0.339907,3.841,-0.340312,0.347844,3.725,
Data no.586,1.29646,0.355743,4.519,0.686106,0.396697,4.839,
Data no.587,-0.912979,-0.465886,2.276,
Data no.588,0.306617,-0.447965,5.537,1.05038,-0.196717,2.293,
Data no.589,-0.0744455,0.236872,3.794,0.281114,0.269637,4.209,
Data no.590,-0.927822,0.275558,2.276,1.07945,0.361028,2.794,
Data no.591,-1.36076,-0.57552,5.638,1.11373,-0.354994,3.269,
Data no.592,-0.748161,-0.353397,2.134,0.802788,-0.860894,4.691,
Data no.593,-1.00603,0.0621617,2.337,1.16882,0.0594788,2.382,
Data no.594,1.09451,0.349081,2.845,1.1087,0.336861,2.983,
Data no.595,0.439878,0.26605,4.153,-0.931437,0.243361,3.615,
Data no.596,0.342193,0.277426,1.024,-0.0401904,0.2715,0.849,
Data no.597,-0.855135,0.382616,3.34,1.08311,0.354375,2.927,
Data no.598,-0.87359,-0.5121,2.251,
Data no.599,0.0541802,0.272847,0.899,-3.2626e+38,0,0,
Data no.600,1.08697,0.372445,2.744,-0.160819,0.592537,3.94,
Data no.601,-0.790789,-0.359167,2.127,-0.913857,-0.844049,4.519,
Data no.602,-0.827359,0.243409,2.187,0.365263,0.461645,3.865,
Data no.603,0.701135,0.522722,4.097,-0.358122,-0.026242,4.39,
Data no.604,-0.863411,-0.53831,2.179,
Data no.605,-0.033633,0.0622626,4.097,-1.14952,0.0390194,2.319,
Data no.606,-0.824332,-0.456678,2.179,-1.12741,-0.537201,2.328,
Data no.607,-0.522132,0.315128,4.268,1.21701,0.181553,2.355,
Data no.608,-0.401066,-0.319415,4.39,-0.750072,-0.324639,4.181,
Data no.609,-0.101044,0.0650323,3.865,1.33817,0.0723179,4.298,
Data no.610,
Data no.611,-0.592558,-0.0105129,3.865,0.770998,-0.0192263,4.421,
Data no.612,0.747893,0.462662,4.097,
Data no.613,0.528317,-0.430904,4.839,0.0477953,-0.230833,4.209,
Data no.614,-0.826894,-0.720184,3.358,-0.0144632,-1.02007,4.359,
Data no.615,0.804174,0.340707,4.328,
Data no.616,0.931925,0.393148,2.382,-0.131708,0.269757,0.95,
Data no.617,-0.347107,0.278075,3.94,-0.868214,0.187754,2.488,
Data no.618,1.10268,-0.654702,2.941,-0.193357,-1.16325,5.638,
Data no.619,1.32163,0.0520441,4.359,1.06075,-0.0645264,5.165,
Data no.620,0.163287,0.270118,0.849,
Data no.621,0.651479,-1.06356,4.997,
Data no.622,-0.786971,-0.370985,2.54,
Data no.623,0.648934,-1.42169,4.328,
Data no.624,0.0972784,0.273321,0.891,-0.0838694,0.261804,0.779,
Data no.625,1.09451,-0.573089,2.845,1.18397,-0.378511,2.429,
Data no.626,-0.396223,0.264274,0.757,
Data no.627,0.473525,-1.30884,4.764,
Data no.628,-0.842965,-0.243097,4.07,-0.891822,-0.14235,2.26,
Data no.629,
Data no.630,0.169104,0.390054,4.328,1.02391,0.432485,4.552,
Data no.631,1.32416,0.0583165,4.298,
Data no.632,1.09685,-0.641477,2.649,-0.421344,-1.10773,5.165,
Data no.633,-0.531787,0.150849,5.344,-1.05797,0.125636,3.794,
Data no.634,-0.122035,0.269415,0.86,-3.07499e+38,0,0,
Data no.635,-0.841472,0.0576579,3.794,1.03042,0.102468,4.39,
Data no.636,-0.138255,0.265114,0.883,-0.326569,0.255477,0.693,
Data no.637,1.09203,0.349354,2.401,0.402009,0.696571,4.486,
Data no.638,-0.474454,-0.257267,4.691,-1.13453,-0.135023,2.391,
Data no.639,-0.831358,-0.45757,2.328,1.01038,-1.16353,5.344,
Data no.640,-0.122419,0.262238,0.883,0.0461321,0.261007,0.708,
Data no.641,-0.846883,-0.0904811,2.164,1.12717,-0.109654,2.195,
Data no.642,
Data no.643,-0.167994,0.266615,0.888,-0.0505864,0.266771,0.775,
Data no.644,-0.243818,-1.17577,5.744,1.06402,-0.627748,2.927,
Data no.645,-0.115508,0.265611,0.814,
Data no.646,0.0275898,-0.0046572,4.268,1.25587,-0.0050042,4.586,
Data no.647,1.26188,0.572345,3.89,0.272347,0.731138,4.519,
Data no.648,-0.329386,0.260371,0.771,
Data no.649,-0.928072,0.187433,3.794,-0.898201,0.17155,2.899,
Data no.650,0.174155,0.272562,0.848,
Data no.651,-0.871538,0.20796,2.227,-0.168206,0.361624,3.68,
Data no.652,0.227832,-1.11239,4.997,-0.933343,-0.0512212,3.252,
Data no.653,-0.820706,0.320409,2.227,
Data no.654,-0.29368,0.281628,0.938,
Data no.655,0.134024,0.272909,0.924,0.362892,0.268084,0.747,
Data no.656,-0.593181,0.315931,3.637,-1.06972,0.345906,3.77,
Data no.657,0.385224,-1.17101,3.637,-0.153232,-1.89241,4.691,
Data no.658,
Data no.659,1.16789,0.602536,3.512,-0.464286,0.445667,4.125,
Data no.660,1.11797,0.486512,3.235,0.650839,0.671677,3.915,
Data no.661,-0.219007,0.266787,0.79,
Data no.662,-0.295984,0.284626,1.014,
Data no.663,0.0264844,0.249116,4.097,0.952071,0.272146,4.359,
Data no.664,-0.324627,0.273312,0.877,
Data no.665,-0.954114,0.150084,2.684,-0.937082,0.169183,2.859,
Data no.666,0.43995,0.289672,1.038,-0.4032,0.258706,0.785,
Data no.667,-0.0997204,0.268454,0.899,-3.35622e+38,0,0,
Data no.668,
Data no.669,-1.0091,-0.283778,4.181,-1.07185,-0.31749,4.268,
Data no.670,0.016133,0.280349,0.993,0.392658,0.269511,0.772,
Data no.671,
Data no.672,0.326916,0.269188,0.74,
Data no.673,-0.38242,0.2625,0.759,
Data no.674,-0.915958,0.366802,4.07,1.20336,0.286265,3.013,
Data no.675,0.457873,-1.07356,3.512,
Data no.676,0.0153803,-1.15478,4.801,1.03398,-1.24857,4.956,
Data no.677,-0.238291,0.275226,0.902,-0.242642,0.260672,0.733,
Data no.678,1.07481,0.353908,2.488,0.994138,0.363944,2.42,
Data no.679,-0.597226,0.179845,4.359,
Data no.680,0.842616,0.369023,2.035,-0.594182,0.439912,2.719,
Data no.681,0.212058,0.278299,0.779,
Data no.682,1.19103,-0.793472,4.839,0.439878,-0.708043,4.153,
Data no.683,1.27948,0.11723,4.153,0.593283,-0.482628,4.728,
Data no.684,
Data no.685,-3.19609e+38,0,0,
Data no.686,-0.0484792,0.28434,0.99,-0.0479998,0.267921,0.817,
Data no.687,0.628741,-0.574836,4.486,1.05766,0.164007,3.433,
Data no.688,0.310432,0.288835,1.035,0.39615,0.294142,0.871,
Data no.689,-0.308194,0.271264,0.875,
Data no.690,-0.886701,0.207481,3.94,-0.978869,0.228894,3.573,
Data no.691,1.00167,-0.280064,2.055,-0.838543,-0.353751,2.179,
Data no.692,1.21767,-0.944695,4.728,
Data no.693,-0.928669,-0.123944,2.26,1.06462,-0.151231,2.401,
Data no.694,0.509838,0.287685,0.996,
Data no.695,0.457823,0.695965,4.39,0.278888,0.75317,4.39,
Data no.696,-3.22293e+38,0,0,
Data no.697,0.436351,-0.433824,4.39,
Data no.698,-0.793755,-0.330378,1.995,1.73188,-1.05757,5.208,
Data no.699,-0.160311,0.511424,3.637,
Data no.700,-0.877548,0.349464,2.638,-1.17028,0.34111,2.293,
Data no.701,-1.01736,-0.50934,4.621,1.15176,-0.338057,2.707,
Data no.702,-0.87926,-0.604554,2.696,
Data no.703,-0.774548,-0.452901,3.991,-0.124593,-0.574836,4.486,
Data no.704,-0.43232,0.339907,3.841,1.16144,0.260907,2.794,
Data no.705,1.25945,0.345588,4.39,-0.137129,0.312915,3.817,
Data no.706,-0.790232,-0.403249,1.97,
Data no.707,0.216797,-0.316739,3.915,
Data no.708,-0.821424,0.243958,2.015,0.986634,0.31581,2.355,
Data no.709,-1.2898,-0.545509,5.344,-0.921758,-0.31586,2.744,
Data no.710,-0.629628,-1.0231,5.079,
Data no.711,-0.958679,0.0592358,2.227,-0.894591,-0.00944391,3.472,
Data no.712,0.439878,0.26605,4.153,1.10123,0.199897,3.043,
Data no.713,1.34275,0.280369,4.268,-0.168245,0.256959,3.817,
Data no.714,-0.855135,0.382616,3.34,1.13776,0.296151,2.382,
Data no.715,-0.776956,-0.455452,2.002,
Data no.716,
Data no.717,1.0228,0.350456,2.582,-0.946735,0.291065,2.119,
Data no.718,-0.582682,-1.08382,5.253,
Data no.719,-0.818658,0.240849,2.164,-0.890501,0.315795,2.54,
Data no.720,0.574667,0.428435,3.358,1.18223,-0.030072,2.768,
Data no.721,-0.817051,-0.509406,2.062,
Data no.722,-0.852843,-0.484165,2.615,0.369659,-0.924994,4.125,
Data no.723,0.281389,0.250794,4.017,0.422394,0.267843,4.181,
Data no.724,
Data no.725,-0.0313344,0.0580074,3.817,-0.596951,0.0455623,3.358,
Data no.726,-0.742996,-0.411618,1.964,
Data no.727,1.02658,0.313503,2.179,
Data no.728,
Data no.729,-0.508063,-0.00453171,4.153,
Data no.730,0.908132,0.477433,2.302,0.732472,0.571392,3.841,
Data no.731,-0.585274,-0.0617494,3.553,-0.652596,-0.0918472,4.125,
Data no.732,-0.542146,-0.388239,3.865,-1.11364,-0.436725,3.794,
Data no.733,-0.148674,0.230692,3.794,0.248712,0.244426,3.915,
Data no.734,-0.987637,-0.341014,4.486,0.0648405,-0.34889,3.991,
Data no.735,-0.180691,0.337784,3.817,-0.87717,0.193205,2.069,
Data no.736,1.25069,0.395842,4.239,1.00166,0.478941,4.956,
Data no.737,0.186063,0.245987,3.94,-0.22002,0.254006,3.965,
Data no.738,-0.587351,0.243951,3.304,-0.164059,0.304259,3.865,
Data no.739,1.15867,-0.73862,2.913,-1.08565,-0.395108,2.134,
Data no.740,0.670103,-0.519342,4.328,-1.03835,0.261277,3.702,
Data no.741,-0.643903,-1.01472,4.997,1.24672,-0.99137,4.421,
Data no.742,-0.878975,0.294062,2.604,-0.584641,0.424459,3.414,
Data no.743,-0.765116,-0.0574219,3.304,-0.91861,-0.131624,3.414,
Data no.744,0.733818,0.646169,3.915,-0.31233,0.266378,0.785,
Data no.745,-0.870516,0.136042,2.179,1.11061,0.189048,3.028,
Data no.746,-0.518584,0.312987,4.239,-0.976834,0.175313,2.227,
Data no.747,-0.403898,-0.321671,4.421,-0.612601,-0.319309,3.794,
Data no.748,-0.0997896,0.0642247,3.817,1.16739,0.0313427,2.31,
Data no.749,1.33439,-0.87879,2.649,
Data no.750,0.497539,-0.0818264,3.965,0.923055,-0.555384,4.39,
Data no.751,0.351547,0.460973,4.691,-0.973758,0.365902,3.492,
Data no.752,1.04262,0.418398,3.12,-0.489825,0.525162,3.492,
Data no.753,-0.856236,-0.508271,4.07,-0.953853,-0.516584,3.702,
Data no.754,1.1954,0.243941,4.239,1.12001,0.17155,2.899,
Data no.755,-0.779285,-0.358697,2.008,0.194556,-0.62949,2.913,
Data no.756,0.179609,0.27555,1.011,
Data no.757,0.877373,-0.47548,4.017,-0.608638,-0.667355,5.487,
Data no.758,-0.968492,-0.153351,4.153,
Data no.759,-0.201942,-0.179873,3.991,1.21942,-0.181166,3.512,
Data no.760,-0.811983,-0.406206,2.429,-0.750658,-0.422987,2.083,
Data no.761,0.043172,0.280443,0.982,-3.18274e+38,0,0,
Data no.762,1.24906,-0.808751,2.859,
Data no.763,-1.1845,-0.529744,4.298,
Data no.764,-0.537389,0.321577,3.702,0.584858,0.4116,4.486,
Data no.765,1.26376,-0.746927,2.819,1.21126,-0.78591,2.571,
Data no.766,-0.836213,-0.376778,2.035,-0.39165,-1.10004,4.801,
Data no.767,-0.543244,-0.0366181,3.965,0.486453,-0.0691454,4.39,
Data no.768,-0.839089,0.187358,2.042,-0.779535,0.353173,3.594,
Data no.769,-0.0953558,0.356916,3.89,-0.876889,0.255996,2.649,
Data no.770,0.537793,-1.33485,4.125,
Data no.771,-0.966841,0.357167,2.164,
Data no.772,-0.0422904,-0.0186914,4.298,0.462865,-0.0441026,5.798,
Data no.773,
Data no.774,-0.55909,0.271657,3.94,-0.918167,0.154593,2.141,
Data no.775,-0.416055,-0.406361,4.181,-0.871433,-0.294515,2.672,
Data no.776,-0.504234,0.345906,3.77,
Data no.777,-0.764537,-0.383996,1.97,-0.889771,-0.716224,2.998,
Data no.778,1.41579,0.183765,4.454,-0.44411,-0.414356,4.125,
Data no.779,-0.820834,-0.460542,2.781,
Data no.780,-0.73119,-0.306398,3.865,-0.806332,-0.175013,2.002,
Data no.781,-0.535372,-0.00949831,3.492,-1.23825,-0.0190011,2.498,
Data no.782,0.807038,0.49925,4.421,
Data no.783,0.469251,-0.382729,4.298,-0.891195,-0.171261,2.719,
Data no.784,0.73596,-1.06013,4.181,
Data no.785,0.976045,0.413524,5.253,0.414431,0.761787,4.239,
Data no.786,1.06377,0.44877,2.719,-0.329916,0.518797,3.965,
Data no.787,-0.34931,0.279839,3.965,-0.00677912,0.303138,4.017,
Data no.788,1.11317,-0.660936,2.969,
Data no.789,1.35043,0.0531783,4.454,1.07621,-0.0799976,5.079,
Data no.790,-0.835305,-0.39377,2.696,1.40274,-0.777942,4.239,
Data no.791,0.618497,-1.35501,4.125,1.27055,-1.60817,4.454,
Data no.792,1.11529,-0.583967,2.899,0.0621664,-0.592427,2.941,
Data no.793,0.150777,0.26959,0.944,0.230091,0.274259,0.793,
Data no.794,11.3369,-11.732,32.347,-0.171268,-1.06605,3.747,
Data no.795,1.00197,0.320544,2.203,-0.144253,0.615186,3.841,
Data no.796,-0.467374,-0.253428,4.621,1.13971,-0.156711,2.488,
Data no.797,-0.764578,-0.420815,2.141,-1.00947,-0.524608,2.211,
Data no.798,0.00738137,0.27239,0.759,
Data no.799,-0.174615,0.277124,0.923,-0.275565,0.271838,0.786,
Data no.800,-0.19182,-0.925017,4.519,-0.841937,-0.62922,2.806,
Data no.801,-0.905567,0.182888,3.702,-0.162022,0.250742,3.817,
Data no.802,0.259915,0.291255,1.056,0,0,
Data no.803,0.168788,-0.82411,3.702,1.17645,-0.0566284,2.744,
Data no.804,1.53136,1.01196,4.997,-0.981161,0.316188,2.149,
Data no.805,0.801427,0.413471,2.41,0.97196,0.4918,4.552,
Data no.806,1.10622,0.481399,3.201,-0.925148,0.38127,2.141,
Data no.807,0.0256311,0.241089,3.965,-0.884286,0.225696,3.615,
Data no.808,0.18639,0.265447,0.733,
Data no.809,0.243178,0.291843,1.097,
Data no.810,-0.969523,-0.272647,4.017,-0.91757,-0.371301,4.328,
Data no.811,0.185134,0.270546,0.916,-0.379509,0.280863,1.103,
Data no.812,0,0,
Data no.813,0.0125419,-0.941672,3.915,0.231486,-1.01146,3.841,
Data no.814,-0.24014,0.277362,0.909,-0.0669524,0.263085,0.72,
Data no.815,-0.543244,0.16359,3.965,1.11491,0.095853,2.235,
Data no.816,0.932053,0.408192,2.251,-0.645605,0.708207,3.77,
Data no.817,0.322985,0.27279,0.836,
Data no.818,0.624256,-0.570736,4.454,-0.603542,0.153736,3.218,
Data no.819,-0.869508,-0.594453,4.07,
Data no.820,1.16117,0.518204,4.656,
Data no.821,1.21767,-0.944695,4.728,
Data no.822,-0.164049,0.286843,1.016,0.268535,0.277174,0.858,
Data no.823,0.493072,0.74955,4.728,1.28609,0.783352,4.359,
Data no.824,1.07582,-1.64392,4.125,
Data no.825,0.138185,-0.379737,3.395,
Data no.826,-0.0190068,-0.27947,3.841,0.307113,0.38275,3.77,
Data no.827,-0.288458,-0.374803,4.209,1.23158,-0.40858,2.998,
Data no.828,-0.0122832,-0.341716,3.702,
Data no.829,0.139306,-0.365405,3.89,
Data no.830,0.290349,-0.0158168,3.637,-0.773754,-0.0161711,1.751,
Data no.831,-0.675402,-0.501762,4.359,1.49054,-0.517062,3.794,
Data no.832,-0.425151,-0.435103,3.89,-0.757151,-0.25005,1.903,
Data no.833,-0.681905,-0.37912,4.181,
Data no.834,-0.406285,-0.54091,4.017,1.1214,-0.345787,2.219,
Data no.835,0.393884,-0.414346,3.453,0.561756,-0.606575,4.153,
Data no.836,0.260935,0.0323397,3.725,-0.856557,0.0130293,3.433,
Data no.837,-0.649023,-0.575465,3.94,1.59418,-0.772123,4.486,
Data no.838,-0.184147,-0.428767,3.89,-0.863013,-0.239992,1.897,
Data no.839,-0.451168,-0.662643,4.39,-0.155971,-0.728337,4.153,
Data no.840,-0.673418,-0.0817012,3.201,0.981151,-0.142718,4.239,
Data no.841,-0.729565,-0.15207,3.637,1.44233,-0.201955,3.915,
Data no.842,-0.593983,-0.724168,4.552,-0.853948,-0.374371,2.022,
Data no.843,-0.711596,-0.408947,2.098,1.05484,-1.0121,4.07,
Data no.844,-0.695708,-0.433654,2.022,1.21317,-0.631657,2.355,
Data no.845,-0.746751,-0.38748,4.125,1.1109,-0.254615,2.31,
Data no.846,-0.56118,-0.0463227,2.941,-0.867373,-0.0706092,2.955,
Data no.847,0.161385,0.0796315,3.965,-0.448289,0.0642247,3.817,
Data no.848,-0.508578,-0.389365,4.454,
Data no.849,-0.946144,0.362653,3.817,0.951299,0.417576,3.865,
Data no.850,-0.723523,-0.481754,4.07,1.26545,-0.637296,4.621,
Data no.851,-0.742725,-0.371501,1.989,-0.0321389,-0.948049,3.915,
Data no.852,0.22603,-0.0430765,3.965,-0.913044,-0.0537728,3.414,
Data no.853,-0.773862,-0.322098,1.945,
Data no.854,0.534972,0.479659,3.492,1.37512,0.584488,4.017,
Data no.855,-0.946247,-0.473738,4.298,0.239411,-0.427988,3.34,
Data no.856,0.951705,-1.42388,5.122,
Data no.857,-0.828306,-0.484335,4.268,1.22669,-0.398813,2.998,
Data no.858,-0.435022,0.342031,3.865,0.497789,0.359979,3.725,
Data no.859,1.30593,0.35834,4.552,-0.882186,0.307678,3.68,
Data no.860,0.210097,-0.306949,3.794,-0.675088,-0.399551,4.181,
Data no.861,-0.0744455,0.236872,3.794,0.916669,0.257337,4.017,
Data no.862,-0.963247,-0.407396,3.991,1.28578,-0.550301,4.586,
Data no.863,-0.708895,-0.33485,2.022,-0.974584,-0.456174,2.127,
Data no.864,0.389779,0.235748,3.68,-0.643201,0.239187,3.553,
Data no.865,-0.719445,-0.331321,2.195,-0.507892,-0.825289,4.097,
Data no.866,1.39088,0.290419,4.421,1.41867,0.256959,3.817,
Data no.867,1.12698,0.386154,2.845,1.28574,0.349855,2.488,
Data no.868,-0.739482,-0.335864,1.989,1.72689,-1.10425,4.997,
Data no.869,-0.798986,0.235062,2.112,1.17184,0.364258,2.819,
Data no.870,0.580999,0.433156,3.395,-0.371831,-0.0508465,4.07,
Data no.871,-0.765936,-0.477537,1.933,
Data no.872,-0.703147,-0.399181,2.156,1.6644,-1.15604,4.839,
Data no.873,-0.166125,-0.753557,4.07,0.947957,-1.16785,5.487,
Data no.874,-1.03734,-0.515742,4.298,-0.788647,-0.257594,1.846,
Data no.875,
Data no.876,-0.417657,-0.00372532,3.414,1.44771,-0.0388716,4.209,
Data no.877,0.772031,0.40588,1.957,-0.989182,0.308845,1.989,
Data no.878,-0.455963,-0.0481065,2.768,-0.854623,-0.0772998,3.235,
Data no.879,-0.629254,-0.450618,4.486,-0.728368,-0.255231,2.127,
Data no.880,-0.154395,0.239569,3.94,-0.781834,0.131263,2.049,
Data no.881,-0.786631,-0.27161,3.573,1.57438,-0.398072,4.39,
Data no.882,-0.187697,0.350881,3.965,-0.952368,0.362653,3.817,
Data no.883,0.188471,0.249171,3.991,1.21622,0.162013,2.529,
Data no.884,-0.638904,0.265363,3.594,0.968744,0.324856,4.043,
Data no.885,1.56717,-0.999026,3.94,1.40698,-0.917656,4.519,
Data no.886,0.670103,-0.519342,4.328,1.35095,0.328608,4.656,
Data no.887,-0.524452,-0.82648,4.07,-0.0562272,-0.880797,3.817,
Data no.888,1.13337,0.413705,2.781,-0.742725,0.321804,1.989,
Data no.889,0.422959,0.344001,3.817,1.04438,0.359979,3.725,
Data no.890,-0.80833,0.0681839,3.395,0.794651,0.282482,4.097,
Data no.891,1.20234,0.463761,3.152,-0.726564,0.394903,2.684,
Data no.892,1.3525,0.367039,4.39,0.211758,0.348668,3.94,
Data no.893,0.280803,0.368208,3.747,0.537939,0.403726,3.794,
Data no.894,1.30829,0.525008,3.915,0.942502,0.513034,3.304,
Data no.895,-0.89179,-0.529376,4.239,0.42041,-0.547961,3.794,
Data no.896,1.3646,0.278469,4.839,-0.895737,0.208741,3.433,
Data no.897,-0.800586,-0.126765,3.433,1.43021,-0.287512,3.865,
Data no.898,-0.205939,-0.183433,4.07,-0.184798,-0.215143,4.043,
Data no.899,-0.701334,-0.350853,2.098,
Data no.900,-0.412811,-0.0278261,3.013,0.121251,-0.0647386,3.725,
Data no.901,-0.0941547,0.35242,3.841,-0.318746,0.399949,4.07,
Data no.902,-0.473433,-0.00839942,3.088,1.16261,-0.0274755,2.529,
Data no.903,0.692581,0.428445,3.794,0.823336,-2.00766,5.208,
Data no.904,0.854398,-0.299359,4.519,
Data no.905,-0.954887,-0.54971,2.062,
Data no.906,1.22692,0.517595,3.136,-0.409586,0.448454,3.304,
Data no.907,-0.38402,0.307647,4.359,1.41971,0.340827,4.421,
Data no.908,1.46716,0.057775,4.839,-0.866358,-0.0401466,2.31,
Data no.909,-0.726864,-0.34265,2.346,-0.502648,-0.371678,1.891,
Data no.910,0.594507,-1.30245,3.965,
Data no.911,-0.418842,0.118811,4.209,0.349081,0.122018,3.512,
Data no.912,-0.761406,0.0521717,3.433,-0.392661,0.177329,4.298,
Data no.913,-0.136314,0.280534,1.177,-0.161899,0.270615,1.056,
Data no.914,-0.0448363,0.267602,0.808,
Data no.915,-0.877808,-0.246855,3.637,-0.809335,-0.238118,2.626,
Data no.916,0.179677,0.262572,0.889,0.452285,0.276884,0.998,
Data no.917,
Data no.918,-0.294142,0.362562,4.097,0.451339,0.360467,3.794,
Data no.919,-0.700478,-0.538471,3.492,
Data no.920,-0.216179,0.280911,1.069,0.109362,0.272305,0.883,
Data no.921,-0.16195,0.283172,1.003,-0.346939,0.265298,0.809,
Data no.922,0.403072,0.612735,3.865,1.00868,0.404964,2.119,
Data no.923,0.540618,-0.537488,5.439,0,0,
Data no.924,-0.598859,-0.444898,3.865,1.54988,-0.51622,3.615,
Data no.925,-0.404604,-0.414075,3.702,1.35035,-0.408439,2.927,
Data no.926,-0.618787,-0.344028,3.794,
Data no.927,-0.386057,-0.513979,3.817,
Data no.928,0.824726,-0.86757,7.23,-1.03658,-0.321165,2.105,
Data no.929,0.253229,0.0313847,3.615,0.584762,0.00205218,3.817,
Data no.930,-0.649023,-0.575465,3.94,-0.973641,-0.347443,1.945,
Data no.931,-0.193946,-0.451583,4.097,0.133823,-0.575739,4.328,
Data no.932,-0.39228,-0.576152,3.817,
Data no.933,-0.653012,-0.0792254,3.104,1.21892,-0.144563,3.915,
Data no.934,-0.712715,-0.148558,3.553,0.877373,-0.220303,4.017,
Data no.935,-0.549226,-0.6696,4.209,-0.740552,-0.344255,1.781,
Data no.936,-0.666146,-0.382827,1.964,1.19362,-1.00527,3.794,
Data no.937,-0.528491,-0.329423,1.536,
Data no.938,-0.741682,-0.38485,4.097,
Data no.939,-0.553166,-0.0456612,2.899,-0.785821,-0.0554454,2.042,
Data no.940,0.134481,0.0663563,3.304,-0.885822,0.0515942,3.395,
Data no.941,-0.452742,-0.346617,3.965,0.796869,-0.728353,6.608,
Data no.942,-0.785273,0.300991,3.168,0.4727,0.384313,3.453,
Data no.943,-0.753566,-0.501758,4.239,-0.282065,-0.68558,4.801,
Data no.944,-0.133829,-0.34481,4.097,-0.750623,-0.253861,2.41,
Data no.945,0.583707,-1.05851,4.07,
Data no.946,0.208529,-0.0397412,3.658,
Data no.947,-0.670017,-0.278876,1.684,1.02585,-1.15065,4.917,
Data no.948,0.574038,0.514686,3.747,-0.815015,0.383495,2.55,
Data no.949,-0.837962,0.333699,2.519,0.389155,0.515145,3.184,
Data no.950,-0.980592,-0.490933,4.454,0.423361,-0.664733,4.997,
Data no.951,-0.753372,-0.517997,2.31,
Data no.952,-0.939122,-0.549132,4.839,0.713641,-0.553996,4.017,
Data no.953,-0.386398,0.303802,3.433,0.291821,0.345115,3.512,
Data no.954,-1.01591,0.182492,2.141,
Data no.955,0.967329,-0.432712,4.239,
Data no.956,-0.0768197,0.244426,3.915,0.934063,0.241514,3.77,
Data no.957,-0.857534,-0.362686,3.553,0.650064,-0.508271,4.07,
Data no.958,-0.763938,-0.360849,2.179,
Data no.959,0.367748,0.222423,3.472,-0.29946,0.287321,4.268,
Data no.960,-0.727312,-0.334944,2.219,1.48661,-0.869741,3.965,
Data no.961,1.1307,0.236093,3.594,-0.76307,0.128037,1.857,
Data no.962,-0.775254,0.346875,3.028,-0.104707,0.505564,3.77,
Data no.963,-0.691188,-0.405175,1.781,0.041788,-0.901887,2.859,
Data no.964,1.35547,0.787321,4.017,-0.743003,0.463105,2.649,
Data no.965,1.54094,0.527992,3.89,-0.304739,0.44331,3.013,
Data no.966,-0.717024,-0.56091,2.364,
Data no.967,-0.76229,0.224266,2.015,0.661791,0.490544,3.658,
Data no.968,0.601022,0.448084,3.512,-0.517566,-0.0450312,2.859,
Data no.969,-0.722745,-0.450609,1.824,1.50975,-1.45064,4.268,
Data no.970,-0.648683,-0.368262,1.989,
Data no.971,0.257782,0.229754,3.68,-0.835706,0.152337,2.319,
Data no.972,-0.308554,0.422564,3.637,
Data no.973,-0.0293314,0.0542993,3.573,0.93506,0.0384071,3.725,
Data no.974,-0.628369,-0.348115,1.661,-0.658573,-0.642166,2.219,
Data no.975,-0.156778,-0.711158,3.841,1.23517,-0.549407,2.468,
Data no.976,-0.921252,-0.458024,3.817,1.48934,-0.598396,4.097,
Data no.977,0.474667,0.479702,2.468,
Data no.978,-0.370435,-0.00330412,3.028,1.50267,-0.0505092,4.043,
Data no.979,
Data no.980,-0.473095,-0.0499139,2.872,-0.0249599,-0.103017,3.794,
Data no.981,-0.528821,-0.378696,3.77,-0.648969,-0.559306,4.421,
Data no.982,-0.157412,0.244251,4.017,-0.829985,0.205063,3.201,
Data no.983,-0.805345,-0.278072,3.658,-0.848442,-0.354133,3.77,
Data no.984,-0.18533,0.346456,3.915,1.45457,0.399896,4.209,
Data no.985,1.07927,0.341588,3.658,-0.338653,0.406578,4.07,
Data no.986,0.165851,0.219265,3.512,1.24574,0.168227,2.626,
Data no.987,-0.666103,0.27666,3.747,-0.752592,0.202325,2.468,
Data no.988,1.64075,-1.04594,4.125,0.594449,-1.11239,4.997,
Data no.989,0.651679,-0.505063,4.209,1.57065,0.279839,3.965,
Data no.990,-0.542363,-0.854706,4.209,
Data no.991,-0.785811,0.262894,2.328,0.0509496,0.415435,3.136,
Data no.992,-0.7452,-0.0559272,3.218,0.655671,-0.242459,4.421,
Data no.993,-0.397838,0.240112,3.252,1.21509,0.194448,2.42,
Data no.994,-0.38453,-0.306246,4.209,1.567,-0.322477,3.433,
Data no.995,-0.0967831,0.0622897,3.702,
Data no.996,-0.678576,-0.586284,2.134,
Data no.997,0.450985,-0.07417,3.594,-0.687904,-0.560539,4.017,
Data no.998,1.62649,0.593706,3.991,-0.764037,0.423966,2.519,
Data no.999,0.391378,0.318316,3.532,0.517892,0.34315,3.492,
Data no.1000,-0.786663,0.0663563,3.304,-0.875021,0.261299,3.252,
Data no.1001,1.44724,0.55822,3.794,1.37923,0.606708,3.991,
Data no.1002,-0.416856,0.296818,3.235,-0.712217,0.328434,3.235,
Data no.1003,-0.3782,0.217766,3.68,
Data no.1004,-0.81047,0.264347,3.358,0.495119,0.331774,3.492,
Data no.1005,0.515441,0.446838,3.594,0.330257,0.443703,3.269,
Data no.1006,1.10726,0.300487,3.594,-0.025427,0.348327,3.865,
Data no.1007,0.263192,0.345115,3.512,0.769053,0.335358,3.104,
Data no.1008,1.24479,0.499529,3.725,0.311971,0.499613,3.088,
Data no.1009,-1.00224,-0.594939,4.764,-0.425151,-0.580835,3.89,
Data no.1010,0.973747,0.198709,3.453,-0.170511,0.244251,4.017,
Data no.1011,-0.685367,-0.315467,1.766,
Data no.1012,0.900962,-0.488264,4.125,0.970136,-0.536482,3.89,
Data no.1013,-0.742518,-0.117571,3.184,-0.320335,-0.345298,4.268,
Data no.1014,-0.201942,-0.179873,3.991,-0.44872,-0.242714,4.298,
Data no.1015,-0.68696,-0.343662,2.055,
Data no.1016,-0.995418,-0.470107,1.995,
Data no.1017,0.988818,-0.465902,3.991,1.55332,-0.562172,4.125,
Data no.1018,-0.464663,0.278057,3.201,1.20914,0.251681,2.649,
Data no.1019,-0.410756,-0.0276876,2.998,0.046944,-0.0746033,3.615,
Data no.1020,-0.0941547,0.35242,3.841,-1.0992,0.220072,2.203,
Data no.1021,0,0,
Data no.1022,0.609195,0.52294,3.594,
Data no.1023,-0.0366523,-0.0161995,3.725,
Data no.1024,1.5686,-1.53745,4.239,
Data no.1025,-0.431805,0.20981,3.043,-0.313377,0.315128,4.268,
Data no.1026,-0.375156,-0.366415,3.77,-0.76545,-0.252591,2.105,
Data no.1027,-0.709817,-0.356512,1.829,0.0518267,-1.09647,3.991,
Data no.1028,1.03456,-0.455851,4.017,
Data no.1029,-0.645058,-0.368509,2.008,
Data no.1030,-0.73119,-0.306398,3.865,-0.951444,-0.182703,1.945,
Data no.1031,-0.471133,-0.00835862,3.073,-0.833471,-0.02225,1.781,
Data no.1032,0.559214,-0.456104,5.122,
Data no.1033,
Data no.1034,
Data no.1035,1.69327,0.714335,4.328,0.704667,0.496605,3.573,
Data no.1036,-0.378646,0.303342,4.298,-0.322587,0.338345,4.298,
Data no.1037,1.14305,0.0450118,3.77,-0.70962,-0.0493435,2.391,
Data no.1038,-0.777367,-0.366457,2.509,
Data no.1039,0.575914,-1.26172,3.841,
Data no.1040,1.66505,-0.871821,4.328,-0.895139,-0.475173,1.989,
Data no.1041,-0.76219,-0.219803,3.68,1.07445,-0.26656,3.433,
Data no.1042,-0.522783,0.306321,1.4,-0.178725,0.270217,0.824,
Data no.1043,0.142926,0.329671,3.658,-0.782546,0.236155,2.364,
Data no.1044,-0.347492,0.0985714,3.492,-0.728247,0.087329,2.401,
Data no.1045,-0.732795,0.0502113,3.304,-0.822462,0.170445,3.34,
Data no.1046,-0.141543,0.271419,0.904,0.0300987,0.264429,0.711,
Data no.1047,-0.444011,-0.240759,4.39,-0.869119,-0.241154,3.553,
Data no.1048,-0.636017,-0.350057,1.781,
Data no.1049,-0.125608,0.269068,0.906,-3.07614e+38,0,0,
Data no.1050,-0.210583,0.283229,1.033,
Data no.1051,-0.173291,0.275022,0.916,0.342137,0.271231,0.739,
Data no.1052,-0.176284,-0.850099,4.153,
Data no.1053,0.0227028,-0.00383226,3.512,0.159595,-0.0286766,3.77,
Data no.1054,-0.817016,0.165005,3.34,1.51254,0.340079,3.915,
Data no.1055,-0.755805,-0.0501285,1.964,
Data no.1056,-0.723582,0.460636,2.998,
Data no.1057,0.35288,0.277114,0.993,-0.885214,0.308048,1.885,
Data no.1058,-0.56627,0.301598,3.472,1.19923,0.225458,2.373,
Data no.1059,1.224,0.484535,2.672,-0.360043,0.271728,0.92,
Data no.1060,1.41929,0.732239,4.268,0.996669,0.358157,3.218,
Data no.1061,0.0233686,0.219808,3.615,1.32617,0.188111,3.013,
Data no.1062,-0.80019,0.125871,2.251,-0.184798,0.245832,4.043,
Data no.1063,-0.560429,0.324932,1.327,
Data no.1064,-0.862361,-0.242511,3.573,-0.752166,-0.173099,1.781,
Data no.1065,0.185336,0.270842,0.917,-0.436661,0.267504,0.953,
Data no.1066,-0.72804,0.291549,3.235,-0.133409,0.401269,3.89,
Data no.1067,-0.755159,-0.659441,1.802,
Data no.1068,0.0130385,-0.978954,4.07,-0.883691,-0.544832,1.915,
Data no.1069,1.14436,0.376809,2.649,-0.971748,0.312399,2.055,
Data no.1070,-0.416921,0.125549,3.043,-0.752602,0.0906286,1.964,
Data no.1071,1.53286,0.671313,3.702,
Data no.1072,1.18336,0.108423,3.841,-0.732085,-0.223789,1.84,
Data no.1073,-0.0471571,0.276585,0.963,-0.0255105,0.268222,0.822,
Data no.1074,0.852851,-0.779732,6.085,1.52862,0.188229,3.94,
Data no.1075,-0.215182,0.273221,0.91,
Data no.1076,-0.300172,0.369996,4.181,-0.732136,0.307698,3.184,
Data no.1077,-0.538191,-0.373205,2.276,
Data no.1078,0.558078,0.484496,2.696,0.489589,0.401186,3.453,
Data no.1079,0.302634,0.281579,1.009,
Data no.1080,-0.790379,0.184943,3.512,1.52737,0.380349,4.298,
Data no.1081,-0.21173,0.27513,1.047,-0.140031,0.263296,0.795,
Data no.1082,-0.155976,0.272726,0.966,-0.281268,0.261027,0.734,
Data no.1083,0.335322,0.290907,1.196,
Data no.1084,0.323709,0.49209,3.104,
Data no.1085,-0.0192492,-0.283035,3.89,0.950303,0.345115,3.512,
Data no.1086,-0.277081,-0.360021,4.043,-0.955237,-0.642799,4.125,
Data no.1087,0.30855,-0.0168083,3.865,0.661791,-0.081449,3.658,
Data no.1088,-0.591422,-0.439372,3.817,0.00970038,-0.471854,3.028,
Data no.1089,-0.412036,-0.421681,3.77,-0.341977,-0.54209,3.553,
Data no.1090,-0.572794,-0.318457,3.512,0.728571,-0.459119,3.725,
Data no.1091,-0.374425,-0.498494,3.702,-0.733381,-0.39635,2.26,
Data no.1092,0.393884,-0.414346,3.453,-0.811475,-0.276557,1.67,
Data no.1093,0.256241,0.031758,3.658,-0.659872,-0.0114858,1.51,
Data no.1094,-0.588568,-0.521862,3.573,1.39775,-0.739534,3.794,
Data no.1095,-0.206349,-0.480461,4.359,-1.14123,-0.647905,4.486,
Data no.1096,-0.373781,-0.548982,3.637,-0.693104,-0.300526,1.529,
Data no.1097,-0.621665,-0.0754224,2.955,-0.431175,-0.160316,3.433,
Data no.1098,-0.573502,-0.11954,2.859,1.53505,-0.261003,3.94,
Data no.1099,-0.510862,-0.622829,3.915,
Data no.1100,-0.741783,-0.426295,2.187,
Data no.1101,-0.665086,-0.414567,1.933,0.575053,-1.1783,3.794,
Data no.1102,-0.632158,-0.328019,3.492,1.29563,-0.518316,4.097,
Data no.1103,-0.563852,-0.0465432,2.955,-0.397491,-0.10213,2.649,
Data no.1104,0.128294,0.0633036,3.152,-0.866135,0.0217796,3.088,
Data no.1105,-0.389826,-0.298449,3.414,1.37908,-0.518774,4.209,
Data no.1106,-0.722064,0.276764,2.913,-0.186617,0.386029,3.573,
Data no.1107,-0.666103,-0.443521,3.747,1.46579,-0.59122,3.794,
Data no.1108,-0.1287,-0.331597,3.94,1.44279,-0.542831,4.586,
Data no.1109,
Data no.1110,0.228995,-0.0436414,4.017,-0.995897,-0.0538434,1.983,
Data no.1111,0.534972,0.479659,3.492,-0.0602089,0.55943,3.68,
Data no.1112,-0.693944,-0.347422,3.152,
Data no.1113,-0.661402,-0.454761,2.028,-0.830932,-0.536824,1.693,
Data no.1114,-0.709921,-0.415112,3.658,-0.746129,-0.249356,1.67,
Data no.1115,-0.354771,0.278935,3.152,0.0837605,0.320577,3.433,
Data no.1116,-0.0709332,0.225696,3.615,
Data no.1117,-0.745304,-0.315219,3.088,
Data no.1118,-0.802698,-0.369661,2.449,
Data no.1119,1.38982,0.172815,2.768,
Data no.1120,0.608295,0.65294,3.77,
Data no.1121,1.45775,0.499489,3.68,
Data no.1122,
Data no.1123,0.525894,0.392073,3.073,-0.461931,-0.0681992,2.672,
Data no.1124,0.248886,0.221825,3.553,-0.373781,0.215222,3.637,
Data no.1125,-0.216205,0.415571,3.68,
Data no.1126,-0.0288306,0.0533723,3.512,0.178313,0.00765198,3.532,
Data no.1127,-0.649554,-0.359852,1.717,0.738035,-1.30831,4.043,
Data no.1128,-0.872498,-0.433785,3.615,1.38982,-0.440355,2.768,
Data no.1129,-0.195259,0.261522,0.921,
Data no.1130,-0.449868,-0.0474634,2.731,-0.775213,-0.0766573,2.076,
Data no.1131,-0.492631,-0.35278,3.512,-0.680778,-0.539329,3.865,
Data no.1132,-0.140014,0.217254,3.573,-0.52729,0.184207,3.201,
Data no.1133,-0.735334,-0.253898,3.34,0.413665,-0.469168,4.454,
Data no.1134,1.07307,0.339627,3.637,1.30996,0.249496,2.626,
Data no.1135,0.156028,0.206279,3.304,-0.719557,0.12202,2.062,
Data no.1136,-0.662192,0.275036,3.725,-0.307074,0.289857,3.841,
Data no.1137,1.54728,-0.986348,3.89,0.459514,-1.03438,3.615,
Data no.1138,1.56907,-0.938679,3.702,
Data no.1139,-0.738217,0.246971,2.187,
Data no.1140,-0.718801,-0.053946,3.104,-0.792746,-0.105065,1.626,
Data no.1141,-0.38169,0.230365,3.12,-0.391204,0.226241,2.998,
Data no.1142,-0.330263,-0.263027,3.615,1.47584,-0.437462,4.153,
Data no.1143,-0.0934106,0.0601191,3.573,1.28625,0.00140002,2.604,
Data no.1144,0.414595,-0.0681852,3.304,-0.442065,-0.582369,3.817,
Data no.1145,1.65869,0.605458,4.07,-0.533727,0.336022,2.098,
Data no.1146,0.380408,0.309393,3.433,1.24096,0.370256,3.965,
Data no.1147,0.263192,0.345115,3.512,-0.71284,0.232513,2.219,
Data no.1148,-0.834147,-0.495159,3.965,
Data no.1149,-0.417331,0.202778,2.941,-0.1672,0.246256,3.658,
Data no.1150,-0.364011,-0.355529,3.658,0.68377,-0.489538,3.68,
Data no.1151,1.6786,-1.17783,4.07,-0.704713,-0.37238,1.879,
Data no.1152,-0.608789,-0.255107,3.218,0.214975,-0.434513,4.125,
Data no.1153,0.0209121,-0.00353,3.235,-0.992411,-0.0308241,1.957,
Data no.1154,-0.0120676,-0.128374,3.637,
Data no.1155,0.420458,0.277847,1.372,0.52253,0.580256,3.817,
Data no.1156,0.344351,0.270417,0.969,0.0355745,0.60971,3.658,
Data no.1157,-0.553712,0.294909,3.395,0.250287,0.322011,3.573,
Data no.1158,0.360105,0.547419,3.453,
Data no.1159,-0.0169878,-0.249784,3.433,-0.786084,0.186806,1.84,
Data no.1160,-0.280782,-0.36483,4.097,
Data no.1161,0.310546,-0.016917,3.89,
Data no.1162,-0.630623,-0.468495,4.07,1.47832,-0.718763,4.298,
Data no.1163,-0.433348,-0.443492,3.965,0.625327,-0.610804,3.725,
Data no.1164,-0.663801,-0.369055,4.07,0.294383,-0.329677,2.509,
Data no.1165,-0.39344,-0.523809,3.89,
Data no.1166,-0.403859,-0.515615,2.913,
Data no.1167,0.260935,0.0323397,3.725,1.78363,-0.0468113,3.747,
Data no.1168,-0.501263,-0.444452,3.043,
Data no.1169,-0.170135,-0.396141,3.594,0.47416,-0.504084,3.269,
Data no.1170,-0.3782,-0.555473,3.68,-0.772906,-0.323594,1.544,
Data no.1171,-0.577276,-0.0700369,2.744,-0.483869,-0.136649,2.649,
Data no.1172,-0.531377,-0.11076,2.649,-0.444824,-0.289503,4.07,
Data no.1173,-0.391204,-0.476945,2.998,-0.445936,-0.375769,1.688,
Data no.1174,-0.716344,-0.411675,2.112,1.08109,-1.20642,3.747,
Data no.1175,0.251888,-1.32828,3.965,
Data no.1176,-0.674338,-0.349906,3.725,1.76659,-0.47843,3.553,
Data no.1177,-0.553166,-0.0456612,2.899,-0.719638,-0.0643358,1.481,
Data no.1178,0.135946,0.0670793,3.34,0.582177,0.0145778,3.841,
Data no.1179,-0.487339,-0.373105,4.268,1.92322,-0.548734,4.125,
Data no.1180,-0.785273,0.300991,3.168,-0.640995,0.297901,2.638,
Data no.1181,-0.617216,-0.41097,3.472,1.69708,-0.588388,3.553,
Data no.1182,-0.119489,-0.307863,3.658,-0.484638,-0.514901,4.07,
Data no.1183,0.235151,-0.0448147,4.125,-0.445416,-0.0874984,2.731,
Data no.1184,0.498204,0.446693,3.252,-0.845831,0.295661,1.846,
Data no.1185,-0.762782,0.30376,2.293,-0.71311,0.32647,1.885,
Data no.1186,-0.735334,-0.368144,3.34,0.381605,-0.451347,2.927,
Data no.1187,
Data no.1188,-0.670136,-0.391848,3.453,-0.997194,-0.496354,3.12,
Data no.1189,-0.35297,0.277519,3.136,-0.875789,0.258219,2.672,
Data no.1190,1.11601,0.306227,3.89,1.26157,0.203206,2.529,
Data no.1191,-0.910183,-0.34286,2.819,
Data no.1192,-0.730823,-0.309094,3.028,1.49648,-0.573518,3.841,
Data no.1193,-0.755874,-0.35704,2.156,
Data no.1194,0.344446,0.20833,3.252,1.52717,0.201992,3.322,
Data no.1195,-0.950192,-0.437586,2.899,-0.484745,-0.466968,1.67,
Data no.1196,1.24078,0.149902,2.401,
Data no.1197,-0.647496,0.289712,2.529,0.361999,0.417985,3.043,
Data no.1198,0.571587,0.426139,3.34,-0.826935,-0.0838104,2.756,
Data no.1199,-0.737065,-0.418437,2.26,
Data no.1200,0.256241,0.228381,3.658,-0.332175,0.219068,3.702,
Data no.1201,-0.461888,0.329035,2.832,
Data no.1202,-0.0272709,0.0504848,3.322,
Data no.1203,-0.169513,-0.768924,4.153,
Data no.1204,-0.81047,-0.402946,3.358,-0.779234,-0.262889,1.572,
Data no.1205,0.993378,1.00391,5.165,0.103169,0.2596,0.833,
Data no.1206,-0.415332,-0.00370459,3.395,-0.348201,-0.0999211,3.68,
Data no.1207,-0.477542,-0.0503832,2.899,0.363606,-0.163694,3.915,
Data no.1208,-0.542146,-0.388239,3.865,1.0197,-0.548982,3.637,
Data no.1209,-0.708474,-0.244624,3.218,-0.834436,-0.31106,2.781,
Data no.1210,1.4165,0.448322,4.801,0.260472,0.343357,3.553,
Data no.1211,0.179168,0.236872,3.794,
Data no.1212,-0.557486,0.231547,3.136,-0.132648,0.272291,3.532,
Data no.1213,-0.37152,0.237473,3.615,
Data no.1214,-0.442369,-0.697126,3.433,
Data no.1215,-0.72539,0.24268,2.149,
Data no.1216,-0.665076,-0.0499139,2.872,-0.700989,-0.226481,3.184,
Data no.1217,-0.395758,0.238856,3.235,-0.277854,0.285397,3.702,
Data no.1218,-0.38453,-0.306246,4.209,1.14399,-0.44995,3.965,
Data no.1219,-0.0967831,0.0622897,3.702,-0.677765,-0.00177864,1.63,
Data no.1220,0.44584,-0.0733238,3.553,1.66992,-0.622118,3.794,
Data no.1221,1.28457,0.468895,3.152,-0.809337,0.308861,1.909,
Data no.1222,0.374203,0.304347,3.377,-0.736831,0.152689,1.58,
Data no.1223,-0.713806,0.0602107,2.998,0.308541,0.310371,3.573,
Data no.1224,-0.373559,0.26599,2.899,0.675907,0.370468,3.77,
Data no.1225,-0.373781,0.215222,3.637,-0.352459,0.250766,3.725,
Data no.1226,-0.78007,0.289952,2.062,
Data no.1227,1.45663,0.395299,4.728,1.35818,0.327484,3.77,
Data no.1228,0.266264,0.349144,3.553,1.42644,0.433095,4.07,
Data no.1229,-0.743053,-0.441084,3.532,0.790128,-0.656976,3.817,
Data no.1230,1.11108,0.226734,3.94,0.43458,0.181845,3.252,
Data no.1231,-0.194352,-0.173112,3.841,-0.734144,-0.144254,2.028,
Data no.1232,-0.76652,-0.383463,2.293,2.09183,-1.98757,6.754,
Data no.1233,0.855522,-0.403097,3.453,1.46829,-0.676456,4.209,
Data no.1234,-0.420824,0.251824,2.899,-0.740604,0.139978,1.499,
Data no.1235,-0.438569,-0.0295623,3.201,-0.410447,-0.0935008,2.649,
Data no.1236,0.536986,0.460955,3.168,
Data no.1237,-0.0335922,-0.014847,3.414,-0.834436,-0.0664515,2.781,
Data no.1238,-0.417331,0.202778,2.941,-0.735993,0.146102,2.119,
Data no.1239,-0.427698,-0.417732,4.298,-0.716756,-0.214721,1.521,
Data no.1240,1.28514,0.166808,4.043,0.290292,-0.333763,2.509,
Data no.1241,1.49094,-1.04616,3.615,1.85776,-0.859626,4.07,
Data no.1242,-0.645869,-0.270645,3.414,
Data no.1243,-0.446603,-0.00792342,2.913,0.948704,-0.104044,3.615,
Data no.1244,-0.181827,-0.354546,3.841,
Data no.1245,-0.446444,-0.388831,1.813,
Data no.1246,0.727435,0.308195,3.915,
Data no.1247,
Data no.1248,-0.328166,0.262901,3.725,-0.75044,0.115384,1.529,
Data no.1249,0.78952,0.0310904,2.604,-0.747932,-0.0594964,1.857,
Data no.1250,-0.911214,-0.429554,2.941,-0.369057,-0.440949,1.605,
Data no.1251,-0.624043,-0.179964,3.013,-0.350219,-0.402226,4.209,
Data no.1252,0.137221,0.316513,3.512,1.41107,0.351475,3.637,
Data no.1253,-0.3662,0.103878,3.68,-0.879995,0.0943933,2.998,
Data no.1254,-0.658495,0.0451203,2.969,1.08695,0.191907,4.017,
Data no.1255,-0.381303,-0.206757,3.77,1.48086,-0.2572,2.998,
Data no.1256,-0.119508,0.256001,0.862,0.254218,0.253265,0.687,
Data no.1257,-0.245173,0.250361,0.775,
Data no.1258,-0.162129,0.257308,0.857,0,0,
Data no.1259,-0.186344,-0.898611,4.39,1.77657,-1.12559,4.097,
Data no.1260,0.0208022,-0.00351145,3.218,-0.0564949,-0.0712601,3.453,
Data no.1261,-0.337741,-0.129992,3.235,
Data no.1262,0.414022,0.273595,1.351,-0.776411,0.240746,1.488,
Data no.1263,0.348971,0.274045,0.982,0.530017,0.57382,3.252,
Data no.1264,-0.491409,0.261726,3.013,-0.780689,0.162576,1.741,
Data no.1265,0.378086,0.25617,0.797,
Data no.1266,1.42845,0.455457,4.153,
Data no.1267,-0.753267,0.11849,2.119,0.591287,0.200978,3.702,
Data no.1268,0.224114,0.268963,1.011,
Data no.1269,-0.756889,-0.212851,3.136,
Data no.1270,0.190591,0.278521,0.943,
Data no.1271,-0.739743,0.296235,3.287,1.4155,0.402547,3.965,
Data no.1272,-0.759893,-0.550099,1.726,
Data no.1273,-0.408701,0.123074,2.983,0.599773,0.133849,3.68,
Data no.1274,
Data no.1275,1.21386,0.111217,3.94,
Data no.1276,-0.0438761,0.257342,0.896,0.0733246,0.258166,0.75,
Data no.1277,0.345906,-0.31625,2.468,-0.752978,0.145602,3.395,
Data no.1278,-0.255085,0.314421,3.553,1.27948,0.233051,2.54,
Data no.1279,1.61546,-1.36182,3.841,
Data no.1280,-0.781377,0.182836,3.472,-0.869842,0.261268,2.899,
Data no.1281,-0.150648,0.26341,0.933,0.145783,0.251392,0.688,
Data no.1282,-0.625088,0.280157,1.217,
Data no.1283,0.315783,0.480042,3.028,
Data no.1284,-0.0198777,-0.292276,4.017,0.179684,0.314873,3.152,
Data no.1285,-0.171129,-0.398456,3.615,0.449573,-0.56691,3.492,
Data no.1286,-0.385086,-0.565586,3.747,-0.668099,-0.431139,1.951,
Data no.1287,-0.491941,-0.599761,3.77,0.996131,-0.822865,3.492,
Data no.1288,-0.582556,-0.302281,3.218,1.77508,-0.541781,3.794,
Data no.1289,-0.52817,-0.0435979,2.768,-0.766352,-0.0759833,1.521,
Data no.1290,0.133057,0.0656533,3.269,-0.44875,0.00157368,2.927,
Data no.1291,-0.394279,-0.301859,3.453,0.191213,-0.487462,3.453,
Data no.1292,-0.769408,0.294911,3.104,
Data no.1293,-0.627883,-0.418072,3.532,
Data no.1294,-0.120207,-0.309715,3.68,-0.408734,-0.527176,3.915,
Data no.1295,-0.805345,-0.403195,3.658,
Data no.1296,-0.6975,-0.407849,3.594,-0.133409,-0.656868,3.89,
Data no.1297,-0.375931,0.295572,3.34,-0.814345,0.337462,3.492,
Data no.1298,-0.834391,0.17203,2.141,
Data no.1299,0.238006,-0.347725,4.298,-0.0735232,-0.486244,3.747,
Data no.1300,-0.801781,-0.339105,3.322,1.32308,-0.62117,3.865,
Data no.1301,0.349953,0.211661,3.304,0.93169,0.231672,3.915,
Data no.1302,1.26378,0.26388,4.017,0.910119,0.244251,4.017,
Data no.1303,-0.712015,0.31858,2.781,
Data no.1304,0.247415,0.220514,3.532,-0.900502,0.155779,2.707,
Data no.1305,-0.759429,0.175306,1.488,
Data no.1306,-0.0285022,0.0527644,3.472,0.748252,-0.0164995,3.794,
Data no.1307,-0.175431,-0.795771,4.298,
Data no.1308,-0.867429,-0.431265,3.594,-0.379711,-0.643767,3.637,
Data no.1309,0.557561,0.563474,2.899,-0.180273,0.260079,0.752,
Data no.1310,
Data no.1311,0.156878,0.207403,3.322,1.65071,0.281714,5.038,
Data no.1312,-0.477032,-0.751751,3.702,0.494046,-1.16127,4.153,
Data no.1313,-0.677813,-0.0508698,2.927,
Data no.1314,-0.422428,0.254952,3.453,1.35818,0.284499,3.77,
Data no.1315,-0.364614,-0.290384,3.991,-0.685745,-0.169914,1.416,
Data no.1316,0.410203,-0.0674629,3.269,1.54278,-0.705169,4.097,
Data no.1317,1.20428,0.43959,2.955,0.0150046,0.507258,3.104,
Data no.1318,0.378303,0.307681,3.414,0.0293018,0.286265,3.013,
Data no.1319,-0.735235,0.0620182,3.088,-0.102538,0.287004,3.304,
Data no.1320,-0.397914,0.283331,3.088,0.394214,0.321236,3.269,
Data no.1321,-0.37152,0.21392,3.615,-0.79242,0.216635,3.218,
Data no.1322,0.432116,0.374603,3.013,-0.196528,0.439255,3.088,
Data no.1323,
Data no.1324,0.251651,0.329982,3.358,
Data no.1325,-0.823628,-0.488914,3.915,1.49054,-0.690096,3.794,
Data no.1326,1.09698,0.223857,3.89,-0.367851,0.197449,3.637,
Data no.1327,0.808572,-0.438195,3.702,-0.807882,-0.30986,1.835,
Data no.1328,1.68857,-1.09333,3.865,1.42043,-1.16376,3.89,
Data no.1329,0.945708,-0.44559,3.817,1.06314,-0.642746,3.77,
Data no.1330,-0.433018,0.25912,2.983,
Data no.1331,-0.401028,-0.0270319,2.927,0.608115,-0.152948,3.658,
Data no.1332,-0.247088,0.257792,1.067,
Data no.1333,-0.0319982,-0.0141425,3.252,-0.898136,-0.0655063,2.276,
Data no.1334,-0.394561,-0.385367,3.965,0.615054,-0.542491,3.594,
Data no.1335,1.15609,0.150057,3.637,
Data no.1336,1.71283,-1.20185,4.153,1.66269,-0.71707,3.269,
Data no.1337,-0.590249,-0.247338,3.12,-0.646822,-0.422925,3.573,
Data no.1338,1.20227,0.507197,3.073,
Data no.1339,-0.322263,0.258172,3.658,0.321093,0.246609,3.34,
Data no.1340,0.124406,0.286953,3.184,-0.15787,0.301513,3.12,
Data no.1341,-0.33784,0.0958333,3.395,-0.492274,0.0819265,2.744,
Data no.1342,-0.70995,0.048646,3.201,-0.340064,0.171699,3.594,
Data no.1343,-0.367851,-0.199463,3.637,
Data no.1344,-0.124617,0.256461,1.076,0.00712851,0.259478,0.733,
Data no.1345,
Data no.1346,0.0199619,-0.00336959,3.088,-0.374661,-0.082569,3.235,
Data no.1347,-0.703568,-0.133181,2.955,
Data no.1348,
Data no.1349,0.344351,0.270417,0.969,-0.767583,0.276543,1.485,
Data no.1350,-0.486516,0.25912,2.983,1.54235,0.31682,3.453,
Data no.1351,0.329923,0.260079,0.728,
Data no.1352,1.96499,1.01378,5.909,
Data no.1353,0.217242,0.260716,0.98,0.0207754,0.262513,1.065,
Data no.1354,-0.780783,-0.21957,3.235,0.974718,-0.382393,3.322,
Data no.1355,0.407872,0.261423,0.9,
Data no.1356,-0.85902,0.344001,3.817,-0.730786,0.204554,1.983,
Data no.1357,0.0120037,-0.901263,3.747,0.584858,-1.49551,4.486,
Data no.1358,-0.427471,0.128726,3.12,1.2291,0.124841,3.77,
Data no.1359,1.2662,0.554531,3.058,
Data no.1360,1.10079,0.100858,3.573,-0.940641,-0.569058,3.77,
Data no.1361,-0.76793,0.0611037,1.481,
Data no.1362,-0.238501,0.293979,3.322,0.153573,0.298378,3.252,
Data no.1363,0.92333,-0.680351,3.433,
Data no.1364,0.626803,0.544159,3.028,
Data no.1365,0.285838,0.265952,0.953,0.613856,0.27259,1.294,
Data no.1366,-0.691582,0.161825,3.073,
Data no.1367,0.301678,0.261719,1.076,
Data no.1368,0.328715,0.4997,3.152,-0.452056,0.263824,1.023,
Data no.1369,0.142131,0.256787,0.739,
Data no.1370,1.72134,-1.11454,3.94,-0.690748,-0.420248,1.436,
Data no.1371,-0.352693,0.250076,0.7,
