1.11636
1.81687
0.753724
0.441741
0.617405
0.28309
0.212851
1.31136
1.78669
1.97458
0.148977
1.08158
0.0531537
1.02648
0.267039
0.0860755
1.13826
1.7728
1.38483
0.754506
0.756792
0.616927
1.85593
0.581511
0.862085
3.3285e+38
0.991163
0.461573
0.713842
2.14812
0.620901
0.897015
0.753319
0.204178
0.342687
0.169055
0.467711
0.244039
1.37739
1.02493
1.10044
0.597422
0.407051
0.954631
1.28159
0.134426
0.270875
0.59211
1.02543
0.396326
0.177998
1.03239
0.592333
0.542524
0.248376
1.71641
0.926844
1.06976
0.294574
0.793025
1.57113
0.848107
1.63312
0.288947
0.290832
0.724173
0.771452
1.07449
0.795249
0.896523
1.10804
0.342832
2.28505
0.138469
0.426543
1.50208
7.53542e+28
0.787407
0.0526475
1.71604
0.492165
1.25766
1.66482
0.129611
0.945865
1.66498
0.959473
0.111225
1.58519
0.341556
0.0870361
2.30033
0.940197
0.20447
1.42394
1.59323
0.0721009
1.22771
0.322525
1.33633
0.118696
1.69809
0.163231
1.04522
1.53676
2.43964
0.951925
0.427241
2.21127
0.157006
0.303593
1.55562
1.31741
0.1775
0.707343
0.92354
0.425293
1.63745
0.514271
0.52745
0.0737938
0.190529
0.820442
0.210431
1.22916
0.815798
0.693589
0.0265694
0.0459756
0.476725
1.46178
0.0320191
0.170015
0.0577043
1.36916
0.383913
0.504053
0.0814494
0.116918
0.131634
0.501415
0.886725
0.659963
0.198082
0.0456695
1.38718
