0.0155049
0.0239062
0.00581238
0.00812376
0.00372487
0.00247501
0.0152484
0.0207754
0.0229602
0.0017323
0.000618066
0.0733203
0.00346804
0.00111786
0.0147825
0.0179848
0.00867248
0.00869876
0.0308463
0.0795
0.0927965
0.0431043
1.66425e+37
0.0495582
0.0230787
0.0356921
0.107406
0.0448507
0.0269042
0.00729206
0.0122388
0.00603766
0.016704
0.00871568
0.0688693
0.0512466
0.0550221
0.0298711
0.0477316
0.0753875
0.00790744
0.0159338
0.03483
0.0603195
0.0233133
0.0104705
0.0607291
0.0227821
0.0208663
0.00955292
0.0356478
0.0411448
0.0113298
0.0360466
0.071415
0.0385503
0.0742329
0.013134
0.0132196
0.032917
0.0367358
0.0511664
0.0497031
0.0514236
0.0560327
0.0554018
0.0171416
0.114253
0.00692345
0.00398638
0.0136723
0.0140381
7.04245e+26
0.00377328
0.00735894
0.0160377
0.00459967
0.0117539
0.015559
0.00121132
0.00883986
0.0155606
0.0124607
0.00144449
0.0205868
0.0044358
0.00113034
0.0228559
0.0298744
0.0122103
0.00265545
0.0206913
0.000936375
0.00601122
0.0159443
0.00418864
0.0173549
0.0263028
0.0220531
0.0020152
0.0129039
0.0189724
0.0199039
0.0117522
0.0272997
0.00193835
0.00374807
0.0192052
0.0162643
0.00219136
0.00873262
0.0133846
0.00616366
0.0237312
0.0131864
0.0135244
0.00238045
0.00614609
0.0264659
0.00779375
0.0455246
0.0302147
0.0256885
0.000984051
0.00124258
0.0128845
0.0635555
0.00139214
0.00739194
0.00250888
0.05266
0.0147659
0.0193867
0.00313267
0.00449685
0.0192852
0.0316687
0.0235701
0.00707434
0.00163106
0.0693589
