2.22775
1.2921
0.613978
2.20981
0.221846
2.41254
2.04476
0.363344
0.104007
2.1747
0.42317
1.47157
0.409001
2.26473
0.524775
0.535203
2.80969
0.518974
2.75064
0.552896
1.00232
1.24903
0.567645
0.153027
2.92857
0.683582
1.02788
1.48589
1.63516
0.493059
3.24596
1.01798
2.09395
0.706665
2.68291
1.2058
3.18799
0.400412
0.421894
1.32181
2.06221
1.26847
0.445259
0.151469
0.333503
2.92071
0.332764
0.998969
1.70612
2.54105
2.37875
0.119324
0.0516764
1.21063
1.39446
0.83054
0.618479
1.15851
3.11992
0.443705
0.426882
1.6776
1.70825
2.27951
1.02953
1.73501
1.61998
0.645714
2.16987
0.251421
2.02461
0.171906
0.461486
1.23127
2.92031
2.16884
2.76855
0.265644
1.39671
3.69476
0.994722
1.27213
0.673407
1.08528
0.473831
0.274268
3.72192
0.88009
1.93569
0.182182
0.182847
1.50695
1.90429
1.1635
1.0263
3.39694
1.47105
0.769401
0.163987
1.42434
0.309661
3.01009
1.48486
2.89123
0.817762
0.872885
0.495005
1.12278
0.318062
0.15051
2.0989
2.25692
1.72498
2.51793
0.431695
0.449365
2.02997
1.93428
1.70951
0.207395
1.24708
1.54808
1.85746
0.824895
0.484263
0.204936
0.23491
0.687916
0.654014
1.37458
0.805269
1.86847
2.28442
3.53112
1.01361
1.58104
1.86207
2.81043
0.776604
1.68709
1.22299
0.741392
0.64994
1.32949
1.26319
1.01469
0.686446
1.70358
1.17778
1.99767
2.72824
1.36997
0.364605
0.235915
1.44614
0.297504
0.765978
1.28823
0.909145
1.39637
1.0433
1.13211
1.95455
1.26277
2.36831
2.24874
0.310321
2.09004
2.4324
0.971776
0.673263
0.408151
0.223426
1.18655
0.862629
0.56632
2.86657
1.84458
3.25766
1.03038
3.22429
1.89397
1.82817
0.654534
1.57091
0.744343
1.02444
0.193216
1.67944
0.440012
0.663417
1.20545
2.22874
0.965023
1.27902
0.0125643
2.61337
1.0238
1.1198
1.27673
0.378834
1.52871
1.78927
2.33946
1.04421
1.519
1.39021
0.622289
0.370023
0.656962
2.43453
0.324884
0.311866
0.419191
0.203326
0.860497
0.729379
1.6294
1.66917
0.0924325
0.347196
0.483837
0.705832
0.420689
0.300138
0.551979
0.235038
0.672171
0.200455
1.09364
0.371511
2.38764
1.70111
0.243758
2.1324
2.12831
2.21163
1.08078
0.926629
2.12823
2.15871
0.0294802
0.630183
0.479534
2.92029
1.30941
0.575808
1.70036
1.33627
0.497896
1.811
0.952535
1.58143
1.31414
1.54018
1.61562
1.54476
1.41037
1.46981
1.59259
0.358712
1.32933
1.39678
0.37672
2.7215
1.70922
0.227945
0.492792
0.421444
0.497487
1.6178
1.95067
1.67858
0.273619
0.414779
1.39412
2.30485
2.28267
0.154376
1.97325
1.99152
0.0437885
0.281506
2.07345
1.05996
0.567335
2.62835
0.907101
0.588988
1.52981
0.523255
1.29708
0.183153
1.08564
1.26809
1.18659
0.617719
0.618293
0.885772
1.4167
1.10656
2.82606
1.40808
0.84282
1.78293
0.668855
1.18029
0.576266
1.56082
1.12336
0.854431
1.87722
1.1524
0.723587
1.30032
0.688941
1.18567
1.01248
0.696208
1.56876
1.24904
2.28256
0.825699
0.229652
0.729473
2.67539
0.521299
0.872245
0.788013
1.39387
0.733306
0.872514
1.93782
0.93747
1.75631
3.02097
1.12071
1.16366
0.86391
1.73561
1.02396
2.46673
0.955256
0.999328
0.64211
1.32901
1.84543
0.680944
2.01709
1.38217
2.21748
0.690679
0.604187
1.30015
2.9089
1.69958
2.07176
0.947898
1.54835
0.557146
0.393463
0.864856
1.4318
2.17712
1.09914
0.499722
2.89903
0.248152
2.2712
1.22871
1.53066
2.07861
1.06287
2.47294
2.48609
1.51383
1.17796
0.569073
1.07771
0.345345
1.16781
0.497479
1.54906
1.8136
0.462319
1.23835
2.47087
1.40505
1.20282
2.09504
0.289633
1.16002
1.67326
1.37562
0.289881
1.71441
0.502183
2.67959
2.0861
2.01246
0.946854
1.04865
0.560403
0.7725
0.479603
0.369719
0.152266
1.49587
1.55618
1.33344
2.97933
0.345219
1.50133
0.298549
2.17512
1.34093
1.24641
1.8303
0.133949
1.99717
0.312612
0.423053
0.921485
1.51954
1.72093
0.703284
1.08199
0.287549
2.81904
0.329685
0.234331
1.18295
1.50556
0.942689
0.445799
0.490595
0.788344
0.474652
0.963365
0.236096
2.16307
1.95634
0.691583
0.181628
0.981061
0.366857
0.851432
3.04204
0.240317
1.51035
0.540919
0.570856
0.968844
2.09163
0.161341
1.75296
2.56758
3.36004
0.474719
0.867492
2.34476
0.336663
0.255174
0.0736888
0.392736
0.685514
1.14072
2.10089
0.810255
2.14781
1.24739
0.173358
0.81913
2.79867
