0.027503
0.0170013
0.00807866
0.0290765
0.00291903
0.0317439
0.0269048
0.00478084
0.00136852
0.0286145
0.00556803
0.0193628
0.00538159
0.029799
0.0076305
0.00690493
0.0369697
0.0068286
0.0361926
0.00727494
0.0131885
0.0164347
0.00746901
0.00201352
0.0385339
0.00348766
0.00524429
0.00758108
0.00834265
0.00251561
0.016561
0.00519379
0.0106834
0.00360543
0.0136883
0.00615202
0.0162653
0.00204292
0.00674395
0.0105215
0.00647179
0.00227173
0.000772801
0.00170155
0.00224309
0.0149016
0.00169777
0.00509678
0.00870469
0.00588281
0.0129645
0.0121365
0.000608794
0.00231406
0.000263655
0.00617667
0.00711459
0.00423745
0.00980057
0.00315551
0.015918
0.0022638
0.00217797
0.00855917
0.00871558
0.0116302
0.00885209
0.00640308
0.00255223
0.00857655
0.000993759
0.00800239
0.012623
0.000679471
0.000901159
0.00486669
0.00857251
0.0109429
0.00104998
0.00652795
0.0146038
0.00502816
0.00266169
0.00428966
0.00187285
0.00108406
0.0147112
0.00347862
0.00765093
0.000432797
0.000720087
0.000722714
0.0122066
0.00595634
0.00752683
0.00459881
0.00513152
0.000796635
0.0169847
0.003847
0.000819937
0.0154381
0.00712172
0.00154831
0.0150505
0.00742428
0.0144561
0.00408881
0.00247503
0.00561389
0.00159031
0.000752549
0.0104945
0.0112846
0.00862492
0.0125897
0.00215848
0.00224683
0.0101498
0.0096714
0.00854754
0.00103697
0.0158799
0.00623541
0.00774041
0.0092873
0.00412448
0.00242132
0.00102468
0.00117455
0.00343958
0.00327007
0.00687292
0.00402634
0.00934233
0.0114221
0.0176556
0.00506803
0.0079052
0.00931033
0.0140521
0.00388302
0.00843546
0.00611497
0.00370696
0.0032497
0.00664745
0.00631597
0.00507346
0.00343223
0.00851789
0.00588888
0.00998833
0.0136412
0.00684983
0.00182302
0.00117957
0.00723069
0.00148752
0.00382989
0.00644116
0.00454573
0.00698184
0.0052165
0.00566055
0.00977273
0.00631386
0.0118416
0.0112437
0.0015516
0.0104502
0.012162
0.00485888
0.00336631
0.00204076
0.00111713
0.00593274
0.00431314
0.0028316
0.0143329
0.00922291
0.0162883
0.00515189
0.0161214
0.00946985
0.00682152
0.00244229
0.00586162
0.0027774
0.00382252
0.000720954
0.00626656
0.00164184
0.00247543
0.00449796
0.00831621
0.00360083
0.00477245
4.68816e-05
0.00975138
0.00382016
0.00282727
0.0047639
0.00141356
0.00570415
0.00667637
0.00835527
0.00872934
0.00566791
0.00518735
0.00232197
0.00138068
0.00245135
0.00908406
0.00121225
0.00116368
0.00156414
0.000758681
0.00321081
0.00272156
0.00607983
0.00622824
0.000344897
0.00129551
0.00180536
0.0026337
0.00156974
0.00111992
0.00205962
0.000877006
0.0025081
0.000747967
0.0024865
0.00408075
0.00138624
0.00890912
0.00634744
0.000909546
0.00795672
0.00794145
0.00825234
0.00403277
0.00345757
0.00794115
0.00805487
0.00235143
0.00178931
0.00653954
0.0108966
0.00488584
0.00214854
0.00634461
0.00498606
0.00185782
0.00675747
0.00355424
0.00590086
0.00490351
0.00574696
0.00602843
0.00576403
0.00526258
0.00548436
0.00594249
0.00133848
0.00496018
0.00521186
0.00140567
0.0101549
0.00833764
0.0103436
0.00111193
0.00240386
0.00205582
0.00242677
0.00951548
0.0081882
0.00133473
0.00202331
0.00680057
0.0112432
0.011135
0.000753056
0.00962563
0.00971475
0.000213602
0.0013732
0.0101144
0.00517055
0.00276749
0.0128212
0.00442488
0.00287311
0.0074625
0.00255246
0.00632721
0.00089343
0.00529581
0.00618582
0.00578824
0.00301326
0.0109083
0.00301606
0.00432084
0.00691071
0.0137856
0.0118326
0.00708252
0.0149826
0.00562063
0.0099184
0.00484257
0.0131161
0.00943997
0.00718009
0.015775
0.00968406
0.00608056
0.0109271
0.00578942
0.00996364
0.00850826
0.0117363
0.00585048
0.0131828
0.0104961
0.0191812
0.00693865
0.00192985
0.00613003
0.0224823
0.00438066
0.00732979
0.00662195
0.0117132
0.00616224
0.00733205
0.0162842
0.0078779
0.0147589
0.0253863
0.00941771
0.00977868
0.00725975
0.014585
0.00860472
0.0207288
0.00802736
0.00839772
0.00539588
0.0111682
0.0155078
0.00572222
0.0169503
0.0116148
0.0186343
0.00580402
0.0050772
0.0109256
0.0244445
0.0142822
0.0174097
0.00796553
0.0130113
0.0046819
0.00330641
0.00726769
0.0120319
0.0182951
0.00923646
0.00419934
0.0243616
0.00208531
0.0144662
0.00782619
0.00974941
0.0132395
0.00676985
0.0157512
0.015835
0.0096422
0.00750293
0.00362467
0.00686438
0.0168503
0.00743831
0.00316866
0.00986664
0.0029447
0.0078876
0.00894937
0.00766131
0.0133442
0.00357571
0.0143213
0.0206575
0.016983
0.00357877
0.0211655
0.00619979
0.0330813
0.0257544
0.0248452
0.0116896
0.0129462
0.00691856
0.00953703
0.00592102
0.00456443
0.00187982
0.0184675
0.0192121
0.0164622
0.0367819
0.00426196
0.018535
0.00368579
0.0268533
0.0165546
0.0153877
0.0225963
0.00701983
0.00165369
0.0246565
0.00385941
0.00522287
0.0113764
0.0187597
0.00657243
0.021246
0.00868252
0.0133579
0.00354999
0.034803
0.00308117
0.00219001
0.0110556
0.0140707
0.00881017
0.00416634
0.004585
0.0073677
0.004436
0.00900341
0.00220651
0.0202156
0.00646339
0.00169746
0.0091688
0.00342857
0.0079573
0.0284303
0.00224596
0.00505532
0.0053351
0.00905461
0.00183689
0.019548
0.00150786
0.0163828
0.0239961
0.0314023
0.0081074
0.0219136
0.00314639
0.0023848
0.00068868
0.00367043
0.0159302
0.010661
0.0196345
0.00757248
0.020073
0.0116579
0.00162017
0.011221
0.038338
